#          r        u(r)        g(r)
    0.010000         inf    0.000000
    0.020000         inf    0.000000
    0.030000         inf    0.000000
    0.040000         inf    0.000000
    0.050000         inf    0.000000
    0.060000         inf    0.000000
    0.070000         inf    0.000000
    0.080000         inf    0.000000
    0.090000         inf    0.000000
    0.100000         inf    0.000000
    0.110000         inf    0.000000
    0.120000         inf    0.000000
    0.130000         inf    0.000000
    0.140000         inf    0.000000
    0.150000         inf    0.000000
    0.160000         inf    0.000000
    0.170000         inf    0.000000
    0.180000         inf    0.000000
    0.190000         inf    0.000000
    0.200000         inf    0.000000
    0.210000         inf    0.000000
    0.220000         inf    0.000000
    0.230000         inf    0.000000
    0.240000         inf    0.000000
    0.250000         inf    0.000000
    0.260000         inf    0.000000
    0.270000         inf    0.000000
    0.280000         inf    0.000000
    0.290000         inf    0.000000
    0.300000         inf    0.000000
    0.310000         inf    0.000000
    0.320000         inf    0.000000
    0.330000         inf    0.000000
    0.340000         inf    0.000000
    0.350000         inf    0.000000
    0.360000         inf    0.000000
    0.370000         inf    0.000000
    0.380000         inf    0.000000
    0.390000         inf    0.000000
    0.400000         inf    0.000000
    0.410000         inf    0.000000
    0.420000         inf    0.000000
    0.430000         inf    0.000000
    0.440000         inf    0.000000
    0.450000         inf    0.000000
    0.460000         inf    0.000000
    0.470000         inf    0.000000
    0.480000         inf    0.000000
    0.490000         inf    0.000000
    0.500000         inf    0.000000
    0.510000         inf    0.000000
    0.520000         inf    0.000000
    0.530000         inf    0.000000
    0.540000         inf    0.000000
    0.550000         inf    0.000000
    0.560000         inf    0.000000
    0.570000         inf    0.000000
    0.580000         inf    0.000000
    0.590000         inf    0.000000
    0.600000         inf    0.000000
    0.610000         inf    0.000000
    0.620000         inf    0.000000
    0.630000         inf    0.000000
    0.640000         inf    0.000000
    0.650000         inf    0.000000
    0.660000         inf    0.000000
    0.670000         inf    0.000000
    0.680000         inf    0.000000
    0.690000         inf    0.000000
    0.700000         inf    0.000000
    0.710000         inf    0.000000
    0.720000         inf    0.000000
    0.730000         inf    0.000000
    0.740000         inf    0.000000
    0.750000         inf    0.000000
    0.760000         inf    0.000000
    0.770000         inf    0.000000
    0.780000         inf    0.000000
    0.790000         inf    0.000000
    0.800000         inf    0.000000
    0.810000         inf    0.000000
    0.820000         inf    0.000000
    0.830000         inf    0.000000
    0.840000         inf    0.000000
    0.850000         inf    0.000000
    0.860000         inf    0.000000
    0.870000         inf    0.000000
    0.880000         inf    0.000000
    0.890000         inf    0.000000
    0.900000         inf    0.000000
    0.910000         inf    0.000000
    0.920000         inf    0.000000
    0.930000         inf    0.000000
    0.940000         inf    0.000000
    0.950000         inf    0.000000
    0.960000         inf    0.000000
    0.970000         inf    0.000000
    0.980000         inf    0.000000
    0.990000         inf    0.000000
    1.000000    0.000000    1.702917
    1.010000    0.000000    1.680064
    1.020000    0.000000    1.657822
    1.030000    0.000000    1.636159
    1.040000    0.000000    1.615050
    1.050000    0.000000    1.594471
    1.060000    0.000000    1.574399
    1.070000    0.000000    1.554813
    1.080000    0.000000    1.535695
    1.090000    0.000000    1.517029
    1.100000    0.000000    1.498797
    1.110000    0.000000    1.480987
    1.120000    0.000000    1.463585
    1.130000    0.000000    1.446579
    1.140000    0.000000    1.429958
    1.150000    0.000000    1.413712
    1.160000    0.000000    1.397830
    1.170000    0.000000    1.382306
    1.180000    0.000000    1.367130
    1.190000    0.000000    1.352295
    1.200000    0.000000    1.337795
    1.210000    0.000000    1.323622
    1.220000    0.000000    1.309771
    1.230000    0.000000    1.296236
    1.240000    0.000000    1.283012
    1.250000    0.000000    1.270094
    1.260000    0.000000    1.257477
    1.270000    0.000000    1.245157
    1.280000    0.000000    1.233129
    1.290000    0.000000    1.221391
    1.300000    0.000000    1.209937
    1.310000    0.000000    1.198765
    1.320000    0.000000    1.187872
    1.330000    0.000000    1.177253
    1.340000    0.000000    1.166905
    1.350000    0.000000    1.156827
    1.360000    0.000000    1.147014
    1.370000    0.000000    1.137464
    1.380000    0.000000    1.128175
    1.390000    0.000000    1.119143
    1.400000    0.000000    1.110367
    1.410000    0.000000    1.101843
    1.420000    0.000000    1.093569
    1.430000    0.000000    1.085543
    1.440000    0.000000    1.077763
    1.450000    0.000000    1.070226
    1.460000    0.000000    1.062930
    1.470000    0.000000    1.055873
    1.480000    0.000000    1.049052
    1.490000    0.000000    1.042466
    1.500000    0.000000    1.036113
    1.510000    0.000000    1.029990
    1.520000    0.000000    1.024095
    1.530000    0.000000    1.018427
    1.540000    0.000000    1.012983
    1.550000    0.000000    1.007761
    1.560000    0.000000    1.002760
    1.570000    0.000000    0.997978
    1.580000    0.000000    0.993412
    1.590000    0.000000    0.989061
    1.600000    0.000000    0.984923
    1.610000    0.000000    0.980996
    1.620000    0.000000    0.977278
    1.630000    0.000000    0.973768
    1.640000    0.000000    0.970463
    1.650000    0.000000    0.967363
    1.660000    0.000000    0.964465
    1.670000    0.000000    0.961767
    1.680000    0.000000    0.959268
    1.690000    0.000000    0.956966
    1.700000    0.000000    0.954859
    1.710000    0.000000    0.952946
    1.720000    0.000000    0.951226
    1.730000    0.000000    0.949696
    1.740000    0.000000    0.948355
    1.750000    0.000000    0.947201
    1.760000    0.000000    0.946233
    1.770000    0.000000    0.945449
    1.780000    0.000000    0.944847
    1.790000    0.000000    0.944427
    1.800000    0.000000    0.944187
    1.810000    0.000000    0.944125
    1.820000    0.000000    0.944240
    1.830000    0.000000    0.944530
    1.840000    0.000000    0.944994
    1.850000    0.000000    0.945631
    1.860000    0.000000    0.946438
    1.870000    0.000000    0.947416
    1.880000    0.000000    0.948562
    1.890000    0.000000    0.949876
    1.900000    0.000000    0.951355
    1.910000    0.000000    0.953000
    1.920000    0.000000    0.954807
    1.930000    0.000000    0.956777
    1.940000    0.000000    0.958908
    1.950000    0.000000    0.961199
    1.960000    0.000000    0.963648
    1.970000    0.000000    0.966255
    1.980000    0.000000    0.969019
    1.990000    0.000000    0.971938
    2.000000    0.000000    0.975012
    2.010000    0.000000    0.978074
    2.020000    0.000000    0.980966
    2.030000    0.000000    0.983693
    2.040000    0.000000    0.986261
    2.050000    0.000000    0.988675
    2.060000    0.000000    0.990941
    2.070000    0.000000    0.993065
    2.080000    0.000000    0.995052
    2.090000    0.000000    0.996906
    2.100000    0.000000    0.998633
    2.110000    0.000000    1.000238
    2.120000    0.000000    1.001724
    2.130000    0.000000    1.003098
    2.140000    0.000000    1.004363
    2.150000    0.000000    1.005524
    2.160000    0.000000    1.006585
    2.170000    0.000000    1.007550
    2.180000    0.000000    1.008423
    2.190000    0.000000    1.009209
    2.200000    0.000000    1.009910
    2.210000    0.000000    1.010531
    2.220000    0.000000    1.011076
    2.230000    0.000000    1.011548
    2.240000    0.000000    1.011951
    2.250000    0.000000    1.012287
    2.260000    0.000000    1.012561
    2.270000    0.000000    1.012776
    2.280000    0.000000    1.012934
    2.290000    0.000000    1.013039
    2.300000    0.000000    1.013094
    2.310000    0.000000    1.013102
    2.320000    0.000000    1.013066
    2.330000    0.000000    1.012988
    2.340000    0.000000    1.012871
    2.350000    0.000000    1.012717
    2.360000    0.000000    1.012530
    2.370000    0.000000    1.012312
    2.380000    0.000000    1.012065
    2.390000    0.000000    1.011791
    2.400000    0.000000    1.011493
    2.410000    0.000000    1.011173
    2.420000    0.000000    1.010832
    2.430000    0.000000    1.010474
    2.440000    0.000000    1.010100
    2.450000    0.000000    1.009712
    2.460000    0.000000    1.009312
    2.470000    0.000000    1.008901
    2.480000    0.000000    1.008482
    2.490000    0.000000    1.008055
    2.500000    0.000000    1.007623
    2.510000    0.000000    1.007187
    2.520000    0.000000    1.006748
    2.530000    0.000000    1.006309
    2.540000    0.000000    1.005869
    2.550000    0.000000    1.005431
    2.560000    0.000000    1.004996
    2.570000    0.000000    1.004565
    2.580000    0.000000    1.004139
    2.590000    0.000000    1.003718
    2.600000    0.000000    1.003305
    2.610000    0.000000    1.002899
    2.620000    0.000000    1.002503
    2.630000    0.000000    1.002116
    2.640000    0.000000    1.001739
    2.650000    0.000000    1.001374
    2.660000    0.000000    1.001020
    2.670000    0.000000    1.000678
    2.680000    0.000000    1.000349
    2.690000    0.000000    1.000034
    2.700000    0.000000    0.999733
    2.710000    0.000000    0.999445
    2.720000    0.000000    0.999173
    2.730000    0.000000    0.998915
    2.740000    0.000000    0.998672
    2.750000    0.000000    0.998445
    2.760000    0.000000    0.998233
    2.770000    0.000000    0.998036
    2.780000    0.000000    0.997856
    2.790000    0.000000    0.997690
    2.800000    0.000000    0.997541
    2.810000    0.000000    0.997407
    2.820000    0.000000    0.997288
    2.830000    0.000000    0.997185
    2.840000    0.000000    0.997097
    2.850000    0.000000    0.997024
    2.860000    0.000000    0.996965
    2.870000    0.000000    0.996920
    2.880000    0.000000    0.996889
    2.890000    0.000000    0.996872
    2.900000    0.000000    0.996868
    2.910000    0.000000    0.996876
    2.920000    0.000000    0.996896
    2.930000    0.000000    0.996928
    2.940000    0.000000    0.996970
    2.950000    0.000000    0.997023
    2.960000    0.000000    0.997085
    2.970000    0.000000    0.997156
    2.980000    0.000000    0.997235
    2.990000    0.000000    0.997321
    3.000000    0.000000    0.997414
    3.010000    0.000000    0.997513
    3.020000    0.000000    0.997616
    3.030000    0.000000    0.997724
    3.040000    0.000000    0.997834
    3.050000    0.000000    0.997947
    3.060000    0.000000    0.998063
    3.070000    0.000000    0.998179
    3.080000    0.000000    0.998296
    3.090000    0.000000    0.998414
    3.100000    0.000000    0.998531
    3.110000    0.000000    0.998648
    3.120000    0.000000    0.998763
    3.130000    0.000000    0.998877
    3.140000    0.000000    0.998989
    3.150000    0.000000    0.999099
    3.160000    0.000000    0.999207
    3.170000    0.000000    0.999312
    3.180000    0.000000    0.999413
    3.190000    0.000000    0.999512
    3.200000    0.000000    0.999607
    3.210000    0.000000    0.999699
    3.220000    0.000000    0.999787
    3.230000    0.000000    0.999872
    3.240000    0.000000    0.999952
    3.250000    0.000000    1.000029
    3.260000    0.000000    1.000101
    3.270000    0.000000    1.000170
    3.280000    0.000000    1.000234
    3.290000    0.000000    1.000295
    3.300000    0.000000    1.000351
    3.310000    0.000000    1.000403
    3.320000    0.000000    1.000451
    3.330000    0.000000    1.000495
    3.340000    0.000000    1.000535
    3.350000    0.000000    1.000572
    3.360000    0.000000    1.000604
    3.370000    0.000000    1.000633
    3.380000    0.000000    1.000658
    3.390000    0.000000    1.000680
    3.400000    0.000000    1.000698
    3.410000    0.000000    1.000713
    3.420000    0.000000    1.000724
    3.430000    0.000000    1.000733
    3.440000    0.000000    1.000738
    3.450000    0.000000    1.000741
    3.460000    0.000000    1.000741
    3.470000    0.000000    1.000738
    3.480000    0.000000    1.000733
    3.490000    0.000000    1.000725
    3.500000    0.000000    1.000716
    3.510000    0.000000    1.000704
    3.520000    0.000000    1.000690
    3.530000    0.000000    1.000675
    3.540000    0.000000    1.000658
    3.550000    0.000000    1.000639
    3.560000    0.000000    1.000619
    3.570000    0.000000    1.000598
    3.580000    0.000000    1.000575
    3.590000    0.000000    1.000552
    3.600000    0.000000    1.000528
    3.610000    0.000000    1.000503
    3.620000    0.000000    1.000477
    3.630000    0.000000    1.000451
    3.640000    0.000000    1.000425
    3.650000    0.000000    1.000398
    3.660000    0.000000    1.000371
    3.670000    0.000000    1.000344
    3.680000    0.000000    1.000318
    3.690000    0.000000    1.000291
    3.700000    0.000000    1.000264
    3.710000    0.000000    1.000238
    3.720000    0.000000    1.000212
    3.730000    0.000000    1.000186
    3.740000    0.000000    1.000161
    3.750000    0.000000    1.000137
    3.760000    0.000000    1.000113
    3.770000    0.000000    1.000090
    3.780000    0.000000    1.000068
    3.790000    0.000000    1.000046
    3.800000    0.000000    1.000026
    3.810000    0.000000    1.000006
    3.820000    0.000000    0.999987
    3.830000    0.000000    0.999969
    3.840000    0.000000    0.999952
    3.850000    0.000000    0.999936
    3.860000    0.000000    0.999921
    3.870000    0.000000    0.999907
    3.880000    0.000000    0.999894
    3.890000    0.000000    0.999882
    3.900000    0.000000    0.999871
    3.910000    0.000000    0.999861
    3.920000    0.000000    0.999852
    3.930000    0.000000    0.999844
    3.940000    0.000000    0.999837
    3.950000    0.000000    0.999831
    3.960000    0.000000    0.999826
    3.970000    0.000000    0.999821
    3.980000    0.000000    0.999818
    3.990000    0.000000    0.999815
    4.000000    0.000000    0.999813
    4.010000    0.000000    0.999812
    4.020000    0.000000    0.999812
    4.030000    0.000000    0.999813
    4.040000    0.000000    0.999814
    4.050000    0.000000    0.999815
    4.060000    0.000000    0.999818
    4.070000    0.000000    0.999821
    4.080000    0.000000    0.999824
    4.090000    0.000000    0.999828
    4.100000    0.000000    0.999832
    4.110000    0.000000    0.999837
    4.120000    0.000000    0.999842
    4.130000    0.000000    0.999847
    4.140000    0.000000    0.999853
    4.150000    0.000000    0.999859
    4.160000    0.000000    0.999865
    4.170000    0.000000    0.999871
    4.180000    0.000000    0.999878
    4.190000    0.000000    0.999885
    4.200000    0.000000    0.999891
    4.210000    0.000000    0.999898
    4.220000    0.000000    0.999905
    4.230000    0.000000    0.999912
    4.240000    0.000000    0.999919
    4.250000    0.000000    0.999926
    4.260000    0.000000    0.999932
    4.270000    0.000000    0.999939
    4.280000    0.000000    0.999946
    4.290000    0.000000    0.999952
    4.300000    0.000000    0.999958
    4.310000    0.000000    0.999964
    4.320000    0.000000    0.999970
    4.330000    0.000000    0.999976
    4.340000    0.000000    0.999982
    4.350000    0.000000    0.999987
    4.360000    0.000000    0.999993
    4.370000    0.000000    0.999998
    4.380000    0.000000    1.000002
    4.390000    0.000000    1.000007
    4.400000    0.000000    1.000011
    4.410000    0.000000    1.000015
    4.420000    0.000000    1.000019
    4.430000    0.000000    1.000023
    4.440000    0.000000    1.000026
    4.450000    0.000000    1.000029
    4.460000    0.000000    1.000032
    4.470000    0.000000    1.000034
    4.480000    0.000000    1.000037
    4.490000    0.000000    1.000039
    4.500000    0.000000    1.000041
    4.510000    0.000000    1.000042
    4.520000    0.000000    1.000044
    4.530000    0.000000    1.000045
    4.540000    0.000000    1.000046
    4.550000    0.000000    1.000046
    4.560000    0.000000    1.000047
    4.570000    0.000000    1.000047
    4.580000    0.000000    1.000047
    4.590000    0.000000    1.000047
    4.600000    0.000000    1.000047
    4.610000    0.000000    1.000047
    4.620000    0.000000    1.000046
    4.630000    0.000000    1.000046
    4.640000    0.000000    1.000045
    4.650000    0.000000    1.000044
    4.660000    0.000000    1.000043
    4.670000    0.000000    1.000042
    4.680000    0.000000    1.000041
    4.690000    0.000000    1.000039
    4.700000    0.000000    1.000038
    4.710000    0.000000    1.000037
    4.720000    0.000000    1.000035
    4.730000    0.000000    1.000033
    4.740000    0.000000    1.000032
    4.750000    0.000000    1.000030
    4.760000    0.000000    1.000028
    4.770000    0.000000    1.000027
    4.780000    0.000000    1.000025
    4.790000    0.000000    1.000023
    4.800000    0.000000    1.000022
    4.810000    0.000000    1.000020
    4.820000    0.000000    1.000018
    4.830000    0.000000    1.000016
    4.840000    0.000000    1.000015
    4.850000    0.000000    1.000013
    4.860000    0.000000    1.000011
    4.870000    0.000000    1.000010
    4.880000    0.000000    1.000008
    4.890000    0.000000    1.000007
    4.900000    0.000000    1.000005
    4.910000    0.000000    1.000004
    4.920000    0.000000    1.000002
    4.930000    0.000000    1.000001
    4.940000    0.000000    1.000000
    4.950000    0.000000    0.999999
    4.960000    0.000000    0.999997
    4.970000    0.000000    0.999996
    4.980000    0.000000    0.999995
    4.990000    0.000000    0.999994
    5.000000    0.000000    0.999994
    5.010000    0.000000    0.999993
    5.020000    0.000000    0.999992
    5.030000    0.000000    0.999991
    5.040000    0.000000    0.999991
    5.050000    0.000000    0.999990
    5.060000    0.000000    0.999990
    5.070000    0.000000    0.999989
    5.080000    0.000000    0.999989
    5.090000    0.000000    0.999989
    5.100000    0.000000    0.999988
    5.110000    0.000000    0.999988
    5.120000    0.000000    0.999988
    5.130000    0.000000    0.999988
    5.140000    0.000000    0.999988
    5.150000    0.000000    0.999988
    5.160000    0.000000    0.999988
    5.170000    0.000000    0.999988
    5.180000    0.000000    0.999988
    5.190000    0.000000    0.999988
    5.200000    0.000000    0.999988
    5.210000    0.000000    0.999988
    5.220000    0.000000    0.999989
    5.230000    0.000000    0.999989
    5.240000    0.000000    0.999989
    5.250000    0.000000    0.999990
    5.260000    0.000000    0.999990
    5.270000    0.000000    0.999990
    5.280000    0.000000    0.999991
    5.290000    0.000000    0.999991
    5.300000    0.000000    0.999992
    5.310000    0.000000    0.999992
    5.320000    0.000000    0.999992
    5.330000    0.000000    0.999993
    5.340000    0.000000    0.999993
    5.350000    0.000000    0.999994
    5.360000    0.000000    0.999994
    5.370000    0.000000    0.999995
    5.380000    0.000000    0.999995
    5.390000    0.000000    0.999996
    5.400000    0.000000    0.999996
    5.410000    0.000000    0.999996
    5.420000    0.000000    0.999997
    5.430000    0.000000    0.999997
    5.440000    0.000000    0.999998
    5.450000    0.000000    0.999998
    5.460000    0.000000    0.999999
    5.470000    0.000000    0.999999
    5.480000    0.000000    0.999999
    5.490000    0.000000    1.000000
    5.500000    0.000000    1.000000
    5.510000    0.000000    1.000000
    5.520000    0.000000    1.000001
    5.530000    0.000000    1.000001
    5.540000    0.000000    1.000001
    5.550000    0.000000    1.000001
    5.560000    0.000000    1.000002
    5.570000    0.000000    1.000002
    5.580000    0.000000    1.000002
    5.590000    0.000000    1.000002
    5.600000    0.000000    1.000002
    5.610000    0.000000    1.000003
    5.620000    0.000000    1.000003
    5.630000    0.000000    1.000003
    5.640000    0.000000    1.000003
    5.650000    0.000000    1.000003
    5.660000    0.000000    1.000003
    5.670000    0.000000    1.000003
    5.680000    0.000000    1.000003
    5.690000    0.000000    1.000003
    5.700000    0.000000    1.000003
    5.710000    0.000000    1.000003
    5.720000    0.000000    1.000003
    5.730000    0.000000    1.000003
    5.740000    0.000000    1.000003
    5.750000    0.000000    1.000003
    5.760000    0.000000    1.000003
    5.770000    0.000000    1.000003
    5.780000    0.000000    1.000003
    5.790000    0.000000    1.000003
    5.800000    0.000000    1.000003
    5.810000    0.000000    1.000003
    5.820000    0.000000    1.000003
    5.830000    0.000000    1.000003
    5.840000    0.000000    1.000002
    5.850000    0.000000    1.000002
    5.860000    0.000000    1.000002
    5.870000    0.000000    1.000002
    5.880000    0.000000    1.000002
    5.890000    0.000000    1.000002
    5.900000    0.000000    1.000002
    5.910000    0.000000    1.000002
    5.920000    0.000000    1.000002
    5.930000    0.000000    1.000001
    5.940000    0.000000    1.000001
    5.950000    0.000000    1.000001
    5.960000    0.000000    1.000001
    5.970000    0.000000    1.000001
    5.980000    0.000000    1.000001
    5.990000    0.000000    1.000001
    6.000000    0.000000    1.000001
    6.010000    0.000000    1.000001
    6.020000    0.000000    1.000000
    6.030000    0.000000    1.000000
    6.040000    0.000000    1.000000
    6.050000    0.000000    1.000000
    6.060000    0.000000    1.000000
    6.070000    0.000000    1.000000
    6.080000    0.000000    1.000000
    6.090000    0.000000    1.000000
    6.100000    0.000000    1.000000
    6.110000    0.000000    1.000000
    6.120000    0.000000    1.000000
    6.130000    0.000000    1.000000
    6.140000    0.000000    0.999999
    6.150000    0.000000    0.999999
    6.160000    0.000000    0.999999
    6.170000    0.000000    0.999999
    6.180000    0.000000    0.999999
    6.190000    0.000000    0.999999
    6.200000    0.000000    0.999999
    6.210000    0.000000    0.999999
    6.220000    0.000000    0.999999
    6.230000    0.000000    0.999999
    6.240000    0.000000    0.999999
    6.250000    0.000000    0.999999
    6.260000    0.000000    0.999999
    6.270000    0.000000    0.999999
    6.280000    0.000000    0.999999
    6.290000    0.000000    0.999999
    6.300000    0.000000    0.999999
    6.310000    0.000000    0.999999
    6.320000    0.000000    0.999999
    6.330000    0.000000    0.999999
    6.340000    0.000000    0.999999
    6.350000    0.000000    0.999999
    6.360000    0.000000    0.999999
    6.370000    0.000000    0.999999
    6.380000    0.000000    0.999999
    6.390000    0.000000    0.999999
    6.400000    0.000000    0.999999
    6.410000    0.000000    0.999999
    6.420000    0.000000    0.999999
    6.430000    0.000000    0.999999
    6.440000    0.000000    0.999999
    6.450000    0.000000    0.999999
    6.460000    0.000000    1.000000
    6.470000    0.000000    1.000000
    6.480000    0.000000    1.000000
    6.490000    0.000000    1.000000
    6.500000    0.000000    1.000000
    6.510000    0.000000    1.000000
    6.520000    0.000000    1.000000
    6.530000    0.000000    1.000000
    6.540000    0.000000    1.000000
    6.550000    0.000000    1.000000
    6.560000    0.000000    1.000000
    6.570000    0.000000    1.000000
    6.580000    0.000000    1.000000
    6.590000    0.000000    1.000000
    6.600000    0.000000    1.000000
    6.610000    0.000000    1.000000
    6.620000    0.000000    1.000000
    6.630000    0.000000    1.000000
    6.640000    0.000000    1.000000
    6.650000    0.000000    1.000000
    6.660000    0.000000    1.000000
    6.670000    0.000000    1.000000
    6.680000    0.000000    1.000000
    6.690000    0.000000    1.000000
    6.700000    0.000000    1.000000
    6.710000    0.000000    1.000000
    6.720000    0.000000    1.000000
    6.730000    0.000000    1.000000
    6.740000    0.000000    1.000000
    6.750000    0.000000    1.000000
    6.760000    0.000000    1.000000
    6.770000    0.000000    1.000000
    6.780000    0.000000    1.000000
    6.790000    0.000000    1.000000
    6.800000    0.000000    1.000000
    6.810000    0.000000    1.000000
    6.820000    0.000000    1.000000
    6.830000    0.000000    1.000000
    6.840000    0.000000    1.000000
    6.850000    0.000000    1.000000
    6.860000    0.000000    1.000000
    6.870000    0.000000    1.000000
    6.880000    0.000000    1.000000
    6.890000    0.000000    1.000000
    6.900000    0.000000    1.000000
    6.910000    0.000000    1.000000
    6.920000    0.000000    1.000000
    6.930000    0.000000    1.000000
    6.940000    0.000000    1.000000
    6.950000    0.000000    1.000000
    6.960000    0.000000    1.000000
    6.970000    0.000000    1.000000
    6.980000    0.000000    1.000000
    6.990000    0.000000    1.000000
    7.000000    0.000000    1.000000
    7.010000    0.000000    1.000000
    7.020000    0.000000    1.000000
    7.030000    0.000000    1.000000
    7.040000    0.000000    1.000000
    7.050000    0.000000    1.000000
    7.060000    0.000000    1.000000
    7.070000    0.000000    1.000000
    7.080000    0.000000    1.000000
    7.090000    0.000000    1.000000
    7.100000    0.000000    1.000000
    7.110000    0.000000    1.000000
    7.120000    0.000000    1.000000
    7.130000    0.000000    1.000000
    7.140000    0.000000    1.000000
    7.150000    0.000000    1.000000
    7.160000    0.000000    1.000000
    7.170000    0.000000    1.000000
    7.180000    0.000000    1.000000
    7.190000    0.000000    1.000000
    7.200000    0.000000    1.000000
    7.210000    0.000000    1.000000
    7.220000    0.000000    1.000000
    7.230000    0.000000    1.000000
    7.240000    0.000000    1.000000
    7.250000    0.000000    1.000000
    7.260000    0.000000    1.000000
    7.270000    0.000000    1.000000
    7.280000    0.000000    1.000000
    7.290000    0.000000    1.000000
    7.300000    0.000000    1.000000
    7.310000    0.000000    1.000000
    7.320000    0.000000    1.000000
    7.330000    0.000000    1.000000
    7.340000    0.000000    1.000000
    7.350000    0.000000    1.000000
    7.360000    0.000000    1.000000
    7.370000    0.000000    1.000000
    7.380000    0.000000    1.000000
    7.390000    0.000000    1.000000
    7.400000    0.000000    1.000000
    7.410000    0.000000    1.000000
    7.420000    0.000000    1.000000
    7.430000    0.000000    1.000000
    7.440000    0.000000    1.000000
    7.450000    0.000000    1.000000
    7.460000    0.000000    1.000000
    7.470000    0.000000    1.000000
    7.480000    0.000000    1.000000
    7.490000    0.000000    1.000000
    7.500000    0.000000    1.000000
    7.510000    0.000000    1.000000
    7.520000    0.000000    1.000000
    7.530000    0.000000    1.000000
    7.540000    0.000000    1.000000
    7.550000    0.000000    1.000000
    7.560000    0.000000    1.000000
    7.570000    0.000000    1.000000
    7.580000    0.000000    1.000000
    7.590000    0.000000    1.000000
    7.600000    0.000000    1.000000
    7.610000    0.000000    1.000000
    7.620000    0.000000    1.000000
    7.630000    0.000000    1.000000
    7.640000    0.000000    1.000000
    7.650000    0.000000    1.000000
    7.660000    0.000000    1.000000
    7.670000    0.000000    1.000000
    7.680000    0.000000    1.000000
    7.690000    0.000000    1.000000
    7.700000    0.000000    1.000000
    7.710000    0.000000    1.000000
    7.720000    0.000000    1.000000
    7.730000    0.000000    1.000000
    7.740000    0.000000    1.000000
    7.750000    0.000000    1.000000
    7.760000    0.000000    1.000000
    7.770000    0.000000    1.000000
    7.780000    0.000000    1.000000
    7.790000    0.000000    1.000000
    7.800000    0.000000    1.000000
    7.810000    0.000000    1.000000
    7.820000    0.000000    1.000000
    7.830000    0.000000    1.000000
    7.840000    0.000000    1.000000
    7.850000    0.000000    1.000000
    7.860000    0.000000    1.000000
    7.870000    0.000000    1.000000
    7.880000    0.000000    1.000000
    7.890000    0.000000    1.000000
    7.900000    0.000000    1.000000
    7.910000    0.000000    1.000000
    7.920000    0.000000    1.000000
    7.930000    0.000000    1.000000
    7.940000    0.000000    1.000000
    7.950000    0.000000    1.000000
    7.960000    0.000000    1.000000
    7.970000    0.000000    1.000000
    7.980000    0.000000    1.000000
    7.990000    0.000000    1.000000
    8.000000    0.000000    1.000000
    8.010000    0.000000    1.000000
    8.020000    0.000000    1.000000
    8.030000    0.000000    1.000000
    8.040000    0.000000    1.000000
    8.050000    0.000000    1.000000
    8.060000    0.000000    1.000000
    8.070000    0.000000    1.000000
    8.080000    0.000000    1.000000
    8.090000    0.000000    1.000000
    8.100000    0.000000    1.000000
    8.110000    0.000000    1.000000
    8.120000    0.000000    1.000000
    8.130000    0.000000    1.000000
    8.140000    0.000000    1.000000
    8.150000    0.000000    1.000000
    8.160000    0.000000    1.000000
    8.170000    0.000000    1.000000
    8.180000    0.000000    1.000000
    8.190000    0.000000    1.000000
    8.200000    0.000000    1.000000
    8.210000    0.000000    1.000000
    8.220000    0.000000    1.000000
    8.230000    0.000000    1.000000
    8.240000    0.000000    1.000000
    8.250000    0.000000    1.000000
    8.260000    0.000000    1.000000
    8.270000    0.000000    1.000000
    8.280000    0.000000    1.000000
    8.290000    0.000000    1.000000
    8.300000    0.000000    1.000000
    8.310000    0.000000    1.000000
    8.320000    0.000000    1.000000
    8.330000    0.000000    1.000000
    8.340000    0.000000    1.000000
    8.350000    0.000000    1.000000
    8.360000    0.000000    1.000000
    8.370000    0.000000    1.000000
    8.380000    0.000000    1.000000
    8.390000    0.000000    1.000000
    8.400000    0.000000    1.000000
    8.410000    0.000000    1.000000
    8.420000    0.000000    1.000000
    8.430000    0.000000    1.000000
    8.440000    0.000000    1.000000
    8.450000    0.000000    1.000000
    8.460000    0.000000    1.000000
    8.470000    0.000000    1.000000
    8.480000    0.000000    1.000000
    8.490000    0.000000    1.000000
    8.500000    0.000000    1.000000
    8.510000    0.000000    1.000000
    8.520000    0.000000    1.000000
    8.530000    0.000000    1.000000
    8.540000    0.000000    1.000000
    8.550000    0.000000    1.000000
    8.560000    0.000000    1.000000
    8.570000    0.000000    1.000000
    8.580000    0.000000    1.000000
    8.590000    0.000000    1.000000
    8.600000    0.000000    1.000000
    8.610000    0.000000    1.000000
    8.620000    0.000000    1.000000
    8.630000    0.000000    1.000000
    8.640000    0.000000    1.000000
    8.650000    0.000000    1.000000
    8.660000    0.000000    1.000000
    8.670000    0.000000    1.000000
    8.680000    0.000000    1.000000
    8.690000    0.000000    1.000000
    8.700000    0.000000    1.000000
    8.710000    0.000000    1.000000
    8.720000    0.000000    1.000000
    8.730000    0.000000    1.000000
    8.740000    0.000000    1.000000
    8.750000    0.000000    1.000000
    8.760000    0.000000    1.000000
    8.770000    0.000000    1.000000
    8.780000    0.000000    1.000000
    8.790000    0.000000    1.000000
    8.800000    0.000000    1.000000
    8.810000    0.000000    1.000000
    8.820000    0.000000    1.000000
    8.830000    0.000000    1.000000
    8.840000    0.000000    1.000000
    8.850000    0.000000    1.000000
    8.860000    0.000000    1.000000
    8.870000    0.000000    1.000000
    8.880000    0.000000    1.000000
    8.890000    0.000000    1.000000
    8.900000    0.000000    1.000000
    8.910000    0.000000    1.000000
    8.920000    0.000000    1.000000
    8.930000    0.000000    1.000000
    8.940000    0.000000    1.000000
    8.950000    0.000000    1.000000
    8.960000    0.000000    1.000000
    8.970000    0.000000    1.000000
    8.980000    0.000000    1.000000
    8.990000    0.000000    1.000000
    9.000000    0.000000    1.000000
    9.010000    0.000000    1.000000
    9.020000    0.000000    1.000000
    9.030000    0.000000    1.000000
    9.040000    0.000000    1.000000
    9.050000    0.000000    1.000000
    9.060000    0.000000    1.000000
    9.070000    0.000000    1.000000
    9.080000    0.000000    1.000000
    9.090000    0.000000    1.000000
    9.100000    0.000000    1.000000
    9.110000    0.000000    1.000000
    9.120000    0.000000    1.000000
    9.130000    0.000000    1.000000
    9.140000    0.000000    1.000000
    9.150000    0.000000    1.000000
    9.160000    0.000000    1.000000
    9.170000    0.000000    1.000000
    9.180000    0.000000    1.000000
    9.190000    0.000000    1.000000
    9.200000    0.000000    1.000000
    9.210000    0.000000    1.000000
    9.220000    0.000000    1.000000
    9.230000    0.000000    1.000000
    9.240000    0.000000    1.000000
    9.250000    0.000000    1.000000
    9.260000    0.000000    1.000000
    9.270000    0.000000    1.000000
    9.280000    0.000000    1.000000
    9.290000    0.000000    1.000000
    9.300000    0.000000    1.000000
    9.310000    0.000000    1.000000
    9.320000    0.000000    1.000000
    9.330000    0.000000    1.000000
    9.340000    0.000000    1.000000
    9.350000    0.000000    1.000000
    9.360000    0.000000    1.000000
    9.370000    0.000000    1.000000
    9.380000    0.000000    1.000000
    9.390000    0.000000    1.000000
    9.400000    0.000000    1.000000
    9.410000    0.000000    1.000000
    9.420000    0.000000    1.000000
    9.430000    0.000000    1.000000
    9.440000    0.000000    1.000000
    9.450000    0.000000    1.000000
    9.460000    0.000000    1.000000
    9.470000    0.000000    1.000000
    9.480000    0.000000    1.000000
    9.490000    0.000000    1.000000
    9.500000    0.000000    1.000000
    9.510000    0.000000    1.000000
    9.520000    0.000000    1.000000
    9.530000    0.000000    1.000000
    9.540000    0.000000    1.000000
    9.550000    0.000000    1.000000
    9.560000    0.000000    1.000000
    9.570000    0.000000    1.000000
    9.580000    0.000000    1.000000
    9.590000    0.000000    1.000000
    9.600000    0.000000    1.000000
    9.610000    0.000000    1.000000
    9.620000    0.000000    1.000000
    9.630000    0.000000    1.000000
    9.640000    0.000000    1.000000
    9.650000    0.000000    1.000000
    9.660000    0.000000    1.000000
    9.670000    0.000000    1.000000
    9.680000    0.000000    1.000000
    9.690000    0.000000    1.000000
    9.700000    0.000000    1.000000
    9.710000    0.000000    1.000000
    9.720000    0.000000    1.000000
    9.730000    0.000000    1.000000
    9.740000    0.000000    1.000000
    9.750000    0.000000    1.000000
    9.760000    0.000000    1.000000
    9.770000    0.000000    1.000000
    9.780000    0.000000    1.000000
    9.790000    0.000000    1.000000
    9.800000    0.000000    1.000000
    9.810000    0.000000    1.000000
    9.820000    0.000000    1.000000
    9.830000    0.000000    1.000000
    9.840000    0.000000    1.000000
    9.850000    0.000000    1.000000
    9.860000    0.000000    1.000000
    9.870000    0.000000    1.000000
    9.880000    0.000000    1.000000
    9.890000    0.000000    1.000000
    9.900000    0.000000    1.000000
    9.910000    0.000000    1.000000
    9.920000    0.000000    1.000000
    9.930000    0.000000    1.000000
    9.940000    0.000000    1.000000
    9.950000    0.000000    1.000000
    9.960000    0.000000    1.000000
    9.970000    0.000000    1.000000
    9.980000    0.000000    1.000000
    9.990000    0.000000    1.000000
   10.000000    0.000000    1.000000
