#          r        u(r)        g(r)
    0.010000         inf    0.000000
    0.020000         inf    0.000000
    0.030000         inf    0.000000
    0.040000         inf    0.000000
    0.050000         inf    0.000000
    0.060000         inf    0.000000
    0.070000         inf    0.000000
    0.080000         inf    0.000000
    0.090000         inf    0.000000
    0.100000         inf    0.000000
    0.110000         inf    0.000000
    0.120000         inf    0.000000
    0.130000         inf    0.000000
    0.140000         inf    0.000000
    0.150000         inf    0.000000
    0.160000         inf    0.000000
    0.170000         inf    0.000000
    0.180000         inf    0.000000
    0.190000         inf    0.000000
    0.200000         inf    0.000000
    0.210000         inf    0.000000
    0.220000         inf    0.000000
    0.230000         inf    0.000000
    0.240000         inf    0.000000
    0.250000         inf    0.000000
    0.260000         inf    0.000000
    0.270000         inf    0.000000
    0.280000         inf    0.000000
    0.290000         inf    0.000000
    0.300000         inf    0.000000
    0.310000         inf    0.000000
    0.320000         inf    0.000000
    0.330000         inf    0.000000
    0.340000         inf    0.000000
    0.350000         inf    0.000000
    0.360000         inf    0.000000
    0.370000         inf    0.000000
    0.380000         inf    0.000000
    0.390000         inf    0.000000
    0.400000         inf    0.000000
    0.410000         inf    0.000000
    0.420000         inf    0.000000
    0.430000         inf    0.000000
    0.440000         inf    0.000000
    0.450000         inf    0.000000
    0.460000         inf    0.000000
    0.470000         inf    0.000000
    0.480000         inf    0.000000
    0.490000         inf    0.000000
    0.500000         inf    0.000000
    0.510000         inf    0.000000
    0.520000         inf    0.000000
    0.530000         inf    0.000000
    0.540000         inf    0.000000
    0.550000         inf    0.000000
    0.560000         inf    0.000000
    0.570000         inf    0.000000
    0.580000         inf    0.000000
    0.590000         inf    0.000000
    0.600000         inf    0.000000
    0.610000         inf    0.000000
    0.620000         inf    0.000000
    0.630000         inf    0.000000
    0.640000         inf    0.000000
    0.650000         inf    0.000000
    0.660000         inf    0.000000
    0.670000         inf    0.000000
    0.680000         inf    0.000000
    0.690000         inf    0.000000
    0.700000         inf    0.000000
    0.710000         inf    0.000000
    0.720000         inf    0.000000
    0.730000         inf    0.000000
    0.740000         inf    0.000000
    0.750000         inf    0.000000
    0.760000         inf    0.000000
    0.770000         inf    0.000000
    0.780000         inf    0.000000
    0.790000         inf    0.000000
    0.800000         inf    0.000000
    0.810000         inf    0.000000
    0.820000         inf    0.000000
    0.830000         inf    0.000000
    0.840000         inf    0.000000
    0.850000         inf    0.000000
    0.860000         inf    0.000000
    0.870000         inf    0.000000
    0.880000         inf    0.000000
    0.890000         inf    0.000000
    0.900000         inf    0.000000
    0.910000         inf    0.000000
    0.920000         inf    0.000000
    0.930000         inf    0.000000
    0.940000         inf    0.000000
    0.950000         inf    0.000000
    0.960000         inf    0.000000
    0.970000         inf    0.000000
    0.980000         inf    0.000000
    0.990000         inf    0.000000
    1.000000    0.000000    1.379367
    1.010000    0.000000    1.369650
    1.020000    0.000000    1.360090
    1.030000    0.000000    1.350685
    1.040000    0.000000    1.341431
    1.050000    0.000000    1.332323
    1.060000    0.000000    1.323361
    1.070000    0.000000    1.314540
    1.080000    0.000000    1.305858
    1.090000    0.000000    1.297313
    1.100000    0.000000    1.288903
    1.110000    0.000000    1.280626
    1.120000    0.000000    1.272479
    1.130000    0.000000    1.264461
    1.140000    0.000000    1.256571
    1.150000    0.000000    1.248806
    1.160000    0.000000    1.241166
    1.170000    0.000000    1.233649
    1.180000    0.000000    1.226254
    1.190000    0.000000    1.218980
    1.200000    0.000000    1.211826
    1.210000    0.000000    1.204791
    1.220000    0.000000    1.197873
    1.230000    0.000000    1.191073
    1.240000    0.000000    1.184389
    1.250000    0.000000    1.177820
    1.260000    0.000000    1.171366
    1.270000    0.000000    1.165026
    1.280000    0.000000    1.158800
    1.290000    0.000000    1.152686
    1.300000    0.000000    1.146685
    1.310000    0.000000    1.140795
    1.320000    0.000000    1.135016
    1.330000    0.000000    1.129349
    1.340000    0.000000    1.123791
    1.350000    0.000000    1.118343
    1.360000    0.000000    1.113004
    1.370000    0.000000    1.107774
    1.380000    0.000000    1.102653
    1.390000    0.000000    1.097640
    1.400000    0.000000    1.092734
    1.410000    0.000000    1.087936
    1.420000    0.000000    1.083245
    1.430000    0.000000    1.078661
    1.440000    0.000000    1.074182
    1.450000    0.000000    1.069810
    1.460000    0.000000    1.065543
    1.470000    0.000000    1.061382
    1.480000    0.000000    1.057326
    1.490000    0.000000    1.053374
    1.500000    0.000000    1.049527
    1.510000    0.000000    1.045783
    1.520000    0.000000    1.042144
    1.530000    0.000000    1.038608
    1.540000    0.000000    1.035176
    1.550000    0.000000    1.031846
    1.560000    0.000000    1.028619
    1.570000    0.000000    1.025494
    1.580000    0.000000    1.022472
    1.590000    0.000000    1.019551
    1.600000    0.000000    1.016732
    1.610000    0.000000    1.014014
    1.620000    0.000000    1.011397
    1.630000    0.000000    1.008881
    1.640000    0.000000    1.006466
    1.650000    0.000000    1.004150
    1.660000    0.000000    1.001935
    1.670000    0.000000    0.999820
    1.680000    0.000000    0.997804
    1.690000    0.000000    0.995887
    1.700000    0.000000    0.994069
    1.710000    0.000000    0.992350
    1.720000    0.000000    0.990729
    1.730000    0.000000    0.989207
    1.740000    0.000000    0.987782
    1.750000    0.000000    0.986456
    1.760000    0.000000    0.985227
    1.770000    0.000000    0.984095
    1.780000    0.000000    0.983060
    1.790000    0.000000    0.982122
    1.800000    0.000000    0.981280
    1.810000    0.000000    0.980535
    1.820000    0.000000    0.979886
    1.830000    0.000000    0.979333
    1.840000    0.000000    0.978876
    1.850000    0.000000    0.978514
    1.860000    0.000000    0.978247
    1.870000    0.000000    0.978075
    1.880000    0.000000    0.977998
    1.890000    0.000000    0.978016
    1.900000    0.000000    0.978128
    1.910000    0.000000    0.978334
    1.920000    0.000000    0.978634
    1.930000    0.000000    0.979028
    1.940000    0.000000    0.979516
    1.950000    0.000000    0.980097
    1.960000    0.000000    0.980771
    1.970000    0.000000    0.981539
    1.980000    0.000000    0.982399
    1.990000    0.000000    0.983352
    2.000000    0.000000    0.984397
    2.010000    0.000000    0.985466
    2.020000    0.000000    0.986492
    2.030000    0.000000    0.987476
    2.040000    0.000000    0.988418
    2.050000    0.000000    0.989319
    2.060000    0.000000    0.990182
    2.070000    0.000000    0.991006
    2.080000    0.000000    0.991792
    2.090000    0.000000    0.992543
    2.100000    0.000000    0.993257
    2.110000    0.000000    0.993938
    2.120000    0.000000    0.994585
    2.130000    0.000000    0.995200
    2.140000    0.000000    0.995783
    2.150000    0.000000    0.996335
    2.160000    0.000000    0.996857
    2.170000    0.000000    0.997351
    2.180000    0.000000    0.997816
    2.190000    0.000000    0.998255
    2.200000    0.000000    0.998667
    2.210000    0.000000    0.999054
    2.220000    0.000000    0.999416
    2.230000    0.000000    0.999754
    2.240000    0.000000    1.000069
    2.250000    0.000000    1.000362
    2.260000    0.000000    1.000633
    2.270000    0.000000    1.000884
    2.280000    0.000000    1.001115
    2.290000    0.000000    1.001327
    2.300000    0.000000    1.001520
    2.310000    0.000000    1.001696
    2.320000    0.000000    1.001854
    2.330000    0.000000    1.001996
    2.340000    0.000000    1.002123
    2.350000    0.000000    1.002235
    2.360000    0.000000    1.002332
    2.370000    0.000000    1.002416
    2.380000    0.000000    1.002486
    2.390000    0.000000    1.002545
    2.400000    0.000000    1.002591
    2.410000    0.000000    1.002626
    2.420000    0.000000    1.002651
    2.430000    0.000000    1.002666
    2.440000    0.000000    1.002671
    2.450000    0.000000    1.002667
    2.460000    0.000000    1.002655
    2.470000    0.000000    1.002635
    2.480000    0.000000    1.002608
    2.490000    0.000000    1.002574
    2.500000    0.000000    1.002534
    2.510000    0.000000    1.002488
    2.520000    0.000000    1.002436
    2.530000    0.000000    1.002380
    2.540000    0.000000    1.002318
    2.550000    0.000000    1.002253
    2.560000    0.000000    1.002185
    2.570000    0.000000    1.002113
    2.580000    0.000000    1.002038
    2.590000    0.000000    1.001960
    2.600000    0.000000    1.001881
    2.610000    0.000000    1.001800
    2.620000    0.000000    1.001717
    2.630000    0.000000    1.001633
    2.640000    0.000000    1.001548
    2.650000    0.000000    1.001463
    2.660000    0.000000    1.001378
    2.670000    0.000000    1.001293
    2.680000    0.000000    1.001208
    2.690000    0.000000    1.001124
    2.700000    0.000000    1.001041
    2.710000    0.000000    1.000958
    2.720000    0.000000    1.000877
    2.730000    0.000000    1.000798
    2.740000    0.000000    1.000720
    2.750000    0.000000    1.000644
    2.760000    0.000000    1.000570
    2.770000    0.000000    1.000498
    2.780000    0.000000    1.000428
    2.790000    0.000000    1.000361
    2.800000    0.000000    1.000297
    2.810000    0.000000    1.000235
    2.820000    0.000000    1.000176
    2.830000    0.000000    1.000120
    2.840000    0.000000    1.000066
    2.850000    0.000000    1.000016
    2.860000    0.000000    0.999968
    2.870000    0.000000    0.999924
    2.880000    0.000000    0.999883
    2.890000    0.000000    0.999844
    2.900000    0.000000    0.999809
    2.910000    0.000000    0.999777
    2.920000    0.000000    0.999747
    2.930000    0.000000    0.999721
    2.940000    0.000000    0.999697
    2.950000    0.000000    0.999676
    2.960000    0.000000    0.999658
    2.970000    0.000000    0.999643
    2.980000    0.000000    0.999630
    2.990000    0.000000    0.999620
    3.000000    0.000000    0.999611
    3.010000    0.000000    0.999605
    3.020000    0.000000    0.999601
    3.030000    0.000000    0.999599
    3.040000    0.000000    0.999598
    3.050000    0.000000    0.999599
    3.060000    0.000000    0.999602
    3.070000    0.000000    0.999605
    3.080000    0.000000    0.999610
    3.090000    0.000000    0.999617
    3.100000    0.000000    0.999624
    3.110000    0.000000    0.999632
    3.120000    0.000000    0.999640
    3.130000    0.000000    0.999650
    3.140000    0.000000    0.999660
    3.150000    0.000000    0.999671
    3.160000    0.000000    0.999682
    3.170000    0.000000    0.999694
    3.180000    0.000000    0.999706
    3.190000    0.000000    0.999718
    3.200000    0.000000    0.999730
    3.210000    0.000000    0.999743
    3.220000    0.000000    0.999756
    3.230000    0.000000    0.999769
    3.240000    0.000000    0.999781
    3.250000    0.000000    0.999794
    3.260000    0.000000    0.999807
    3.270000    0.000000    0.999819
    3.280000    0.000000    0.999832
    3.290000    0.000000    0.999844
    3.300000    0.000000    0.999856
    3.310000    0.000000    0.999868
    3.320000    0.000000    0.999879
    3.330000    0.000000    0.999890
    3.340000    0.000000    0.999901
    3.350000    0.000000    0.999912
    3.360000    0.000000    0.999922
    3.370000    0.000000    0.999932
    3.380000    0.000000    0.999941
    3.390000    0.000000    0.999950
    3.400000    0.000000    0.999959
    3.410000    0.000000    0.999968
    3.420000    0.000000    0.999975
    3.430000    0.000000    0.999983
    3.440000    0.000000    0.999990
    3.450000    0.000000    0.999997
    3.460000    0.000000    1.000003
    3.470000    0.000000    1.000009
    3.480000    0.000000    1.000015
    3.490000    0.000000    1.000020
    3.500000    0.000000    1.000025
    3.510000    0.000000    1.000029
    3.520000    0.000000    1.000033
    3.530000    0.000000    1.000037
    3.540000    0.000000    1.000040
    3.550000    0.000000    1.000043
    3.560000    0.000000    1.000046
    3.570000    0.000000    1.000049
    3.580000    0.000000    1.000051
    3.590000    0.000000    1.000052
    3.600000    0.000000    1.000054
    3.610000    0.000000    1.000055
    3.620000    0.000000    1.000056
    3.630000    0.000000    1.000056
    3.640000    0.000000    1.000057
    3.650000    0.000000    1.000057
    3.660000    0.000000    1.000057
    3.670000    0.000000    1.000057
    3.680000    0.000000    1.000056
    3.690000    0.000000    1.000056
    3.700000    0.000000    1.000055
    3.710000    0.000000    1.000054
    3.720000    0.000000    1.000053
    3.730000    0.000000    1.000052
    3.740000    0.000000    1.000051
    3.750000    0.000000    1.000049
    3.760000    0.000000    1.000048
    3.770000    0.000000    1.000046
    3.780000    0.000000    1.000044
    3.790000    0.000000    1.000043
    3.800000    0.000000    1.000041
    3.810000    0.000000    1.000039
    3.820000    0.000000    1.000037
    3.830000    0.000000    1.000035
    3.840000    0.000000    1.000033
    3.850000    0.000000    1.000032
    3.860000    0.000000    1.000030
    3.870000    0.000000    1.000028
    3.880000    0.000000    1.000026
    3.890000    0.000000    1.000024
    3.900000    0.000000    1.000022
    3.910000    0.000000    1.000020
    3.920000    0.000000    1.000019
    3.930000    0.000000    1.000017
    3.940000    0.000000    1.000015
    3.950000    0.000000    1.000014
    3.960000    0.000000    1.000012
    3.970000    0.000000    1.000011
    3.980000    0.000000    1.000009
    3.990000    0.000000    1.000008
    4.000000    0.000000    1.000006
    4.010000    0.000000    1.000005
    4.020000    0.000000    1.000004
    4.030000    0.000000    1.000003
    4.040000    0.000000    1.000002
    4.050000    0.000000    1.000001
    4.060000    0.000000    1.000000
    4.070000    0.000000    0.999999
    4.080000    0.000000    0.999998
    4.090000    0.000000    0.999997
    4.100000    0.000000    0.999996
    4.110000    0.000000    0.999996
    4.120000    0.000000    0.999995
    4.130000    0.000000    0.999994
    4.140000    0.000000    0.999994
    4.150000    0.000000    0.999993
    4.160000    0.000000    0.999993
    4.170000    0.000000    0.999993
    4.180000    0.000000    0.999992
    4.190000    0.000000    0.999992
    4.200000    0.000000    0.999992
    4.210000    0.000000    0.999992
    4.220000    0.000000    0.999992
    4.230000    0.000000    0.999992
    4.240000    0.000000    0.999991
    4.250000    0.000000    0.999991
    4.260000    0.000000    0.999991
    4.270000    0.000000    0.999991
    4.280000    0.000000    0.999992
    4.290000    0.000000    0.999992
    4.300000    0.000000    0.999992
    4.310000    0.000000    0.999992
    4.320000    0.000000    0.999992
    4.330000    0.000000    0.999992
    4.340000    0.000000    0.999992
    4.350000    0.000000    0.999993
    4.360000    0.000000    0.999993
    4.370000    0.000000    0.999993
    4.380000    0.000000    0.999993
    4.390000    0.000000    0.999994
    4.400000    0.000000    0.999994
    4.410000    0.000000    0.999994
    4.420000    0.000000    0.999994
    4.430000    0.000000    0.999995
    4.440000    0.000000    0.999995
    4.450000    0.000000    0.999995
    4.460000    0.000000    0.999995
    4.470000    0.000000    0.999996
    4.480000    0.000000    0.999996
    4.490000    0.000000    0.999996
    4.500000    0.000000    0.999997
    4.510000    0.000000    0.999997
    4.520000    0.000000    0.999997
    4.530000    0.000000    0.999997
    4.540000    0.000000    0.999998
    4.550000    0.000000    0.999998
    4.560000    0.000000    0.999998
    4.570000    0.000000    0.999998
    4.580000    0.000000    0.999999
    4.590000    0.000000    0.999999
    4.600000    0.000000    0.999999
    4.610000    0.000000    0.999999
    4.620000    0.000000    0.999999
    4.630000    0.000000    1.000000
    4.640000    0.000000    1.000000
    4.650000    0.000000    1.000000
    4.660000    0.000000    1.000000
    4.670000    0.000000    1.000000
    4.680000    0.000000    1.000000
    4.690000    0.000000    1.000000
    4.700000    0.000000    1.000001
    4.710000    0.000000    1.000001
    4.720000    0.000000    1.000001
    4.730000    0.000000    1.000001
    4.740000    0.000000    1.000001
    4.750000    0.000000    1.000001
    4.760000    0.000000    1.000001
    4.770000    0.000000    1.000001
    4.780000    0.000000    1.000001
    4.790000    0.000000    1.000001
    4.800000    0.000000    1.000001
    4.810000    0.000000    1.000001
    4.820000    0.000000    1.000001
    4.830000    0.000000    1.000001
    4.840000    0.000000    1.000001
    4.850000    0.000000    1.000001
    4.860000    0.000000    1.000001
    4.870000    0.000000    1.000001
    4.880000    0.000000    1.000001
    4.890000    0.000000    1.000001
    4.900000    0.000000    1.000001
    4.910000    0.000000    1.000001
    4.920000    0.000000    1.000001
    4.930000    0.000000    1.000001
    4.940000    0.000000    1.000001
    4.950000    0.000000    1.000001
    4.960000    0.000000    1.000001
    4.970000    0.000000    1.000001
    4.980000    0.000000    1.000001
    4.990000    0.000000    1.000001
    5.000000    0.000000    1.000001
    5.010000    0.000000    1.000001
    5.020000    0.000000    1.000001
    5.030000    0.000000    1.000001
    5.040000    0.000000    1.000001
    5.050000    0.000000    1.000001
    5.060000    0.000000    1.000001
    5.070000    0.000000    1.000001
    5.080000    0.000000    1.000001
    5.090000    0.000000    1.000001
    5.100000    0.000000    1.000001
    5.110000    0.000000    1.000000
    5.120000    0.000000    1.000000
    5.130000    0.000000    1.000000
    5.140000    0.000000    1.000000
    5.150000    0.000000    1.000000
    5.160000    0.000000    1.000000
    5.170000    0.000000    1.000000
    5.180000    0.000000    1.000000
    5.190000    0.000000    1.000000
    5.200000    0.000000    1.000000
    5.210000    0.000000    1.000000
    5.220000    0.000000    1.000000
    5.230000    0.000000    1.000000
    5.240000    0.000000    1.000000
    5.250000    0.000000    1.000000
    5.260000    0.000000    1.000000
    5.270000    0.000000    1.000000
    5.280000    0.000000    1.000000
    5.290000    0.000000    1.000000
    5.300000    0.000000    1.000000
    5.310000    0.000000    1.000000
    5.320000    0.000000    1.000000
    5.330000    0.000000    1.000000
    5.340000    0.000000    1.000000
    5.350000    0.000000    1.000000
    5.360000    0.000000    1.000000
    5.370000    0.000000    1.000000
    5.380000    0.000000    1.000000
    5.390000    0.000000    1.000000
    5.400000    0.000000    1.000000
    5.410000    0.000000    1.000000
    5.420000    0.000000    1.000000
    5.430000    0.000000    1.000000
    5.440000    0.000000    1.000000
    5.450000    0.000000    1.000000
    5.460000    0.000000    1.000000
    5.470000    0.000000    1.000000
    5.480000    0.000000    1.000000
    5.490000    0.000000    1.000000
    5.500000    0.000000    1.000000
    5.510000    0.000000    1.000000
    5.520000    0.000000    1.000000
    5.530000    0.000000    1.000000
    5.540000    0.000000    1.000000
    5.550000    0.000000    1.000000
    5.560000    0.000000    1.000000
    5.570000    0.000000    1.000000
    5.580000    0.000000    1.000000
    5.590000    0.000000    1.000000
    5.600000    0.000000    1.000000
    5.610000    0.000000    1.000000
    5.620000    0.000000    1.000000
    5.630000    0.000000    1.000000
    5.640000    0.000000    1.000000
    5.650000    0.000000    1.000000
    5.660000    0.000000    1.000000
    5.670000    0.000000    1.000000
    5.680000    0.000000    1.000000
    5.690000    0.000000    1.000000
    5.700000    0.000000    1.000000
    5.710000    0.000000    1.000000
    5.720000    0.000000    1.000000
    5.730000    0.000000    1.000000
    5.740000    0.000000    1.000000
    5.750000    0.000000    1.000000
    5.760000    0.000000    1.000000
    5.770000    0.000000    1.000000
    5.780000    0.000000    1.000000
    5.790000    0.000000    1.000000
    5.800000    0.000000    1.000000
    5.810000    0.000000    1.000000
    5.820000    0.000000    1.000000
    5.830000    0.000000    1.000000
    5.840000    0.000000    1.000000
    5.850000    0.000000    1.000000
    5.860000    0.000000    1.000000
    5.870000    0.000000    1.000000
    5.880000    0.000000    1.000000
    5.890000    0.000000    1.000000
    5.900000    0.000000    1.000000
    5.910000    0.000000    1.000000
    5.920000    0.000000    1.000000
    5.930000    0.000000    1.000000
    5.940000    0.000000    1.000000
    5.950000    0.000000    1.000000
    5.960000    0.000000    1.000000
    5.970000    0.000000    1.000000
    5.980000    0.000000    1.000000
    5.990000    0.000000    1.000000
    6.000000    0.000000    1.000000
    6.010000    0.000000    1.000000
    6.020000    0.000000    1.000000
    6.030000    0.000000    1.000000
    6.040000    0.000000    1.000000
    6.050000    0.000000    1.000000
    6.060000    0.000000    1.000000
    6.070000    0.000000    1.000000
    6.080000    0.000000    1.000000
    6.090000    0.000000    1.000000
    6.100000    0.000000    1.000000
    6.110000    0.000000    1.000000
    6.120000    0.000000    1.000000
    6.130000    0.000000    1.000000
    6.140000    0.000000    1.000000
    6.150000    0.000000    1.000000
    6.160000    0.000000    1.000000
    6.170000    0.000000    1.000000
    6.180000    0.000000    1.000000
    6.190000    0.000000    1.000000
    6.200000    0.000000    1.000000
    6.210000    0.000000    1.000000
    6.220000    0.000000    1.000000
    6.230000    0.000000    1.000000
    6.240000    0.000000    1.000000
    6.250000    0.000000    1.000000
    6.260000    0.000000    1.000000
    6.270000    0.000000    1.000000
    6.280000    0.000000    1.000000
    6.290000    0.000000    1.000000
    6.300000    0.000000    1.000000
    6.310000    0.000000    1.000000
    6.320000    0.000000    1.000000
    6.330000    0.000000    1.000000
    6.340000    0.000000    1.000000
    6.350000    0.000000    1.000000
    6.360000    0.000000    1.000000
    6.370000    0.000000    1.000000
    6.380000    0.000000    1.000000
    6.390000    0.000000    1.000000
    6.400000    0.000000    1.000000
    6.410000    0.000000    1.000000
    6.420000    0.000000    1.000000
    6.430000    0.000000    1.000000
    6.440000    0.000000    1.000000
    6.450000    0.000000    1.000000
    6.460000    0.000000    1.000000
    6.470000    0.000000    1.000000
    6.480000    0.000000    1.000000
    6.490000    0.000000    1.000000
    6.500000    0.000000    1.000000
    6.510000    0.000000    1.000000
    6.520000    0.000000    1.000000
    6.530000    0.000000    1.000000
    6.540000    0.000000    1.000000
    6.550000    0.000000    1.000000
    6.560000    0.000000    1.000000
    6.570000    0.000000    1.000000
    6.580000    0.000000    1.000000
    6.590000    0.000000    1.000000
    6.600000    0.000000    1.000000
    6.610000    0.000000    1.000000
    6.620000    0.000000    1.000000
    6.630000    0.000000    1.000000
    6.640000    0.000000    1.000000
    6.650000    0.000000    1.000000
    6.660000    0.000000    1.000000
    6.670000    0.000000    1.000000
    6.680000    0.000000    1.000000
    6.690000    0.000000    1.000000
    6.700000    0.000000    1.000000
    6.710000    0.000000    1.000000
    6.720000    0.000000    1.000000
    6.730000    0.000000    1.000000
    6.740000    0.000000    1.000000
    6.750000    0.000000    1.000000
    6.760000    0.000000    1.000000
    6.770000    0.000000    1.000000
    6.780000    0.000000    1.000000
    6.790000    0.000000    1.000000
    6.800000    0.000000    1.000000
    6.810000    0.000000    1.000000
    6.820000    0.000000    1.000000
    6.830000    0.000000    1.000000
    6.840000    0.000000    1.000000
    6.850000    0.000000    1.000000
    6.860000    0.000000    1.000000
    6.870000    0.000000    1.000000
    6.880000    0.000000    1.000000
    6.890000    0.000000    1.000000
    6.900000    0.000000    1.000000
    6.910000    0.000000    1.000000
    6.920000    0.000000    1.000000
    6.930000    0.000000    1.000000
    6.940000    0.000000    1.000000
    6.950000    0.000000    1.000000
    6.960000    0.000000    1.000000
    6.970000    0.000000    1.000000
    6.980000    0.000000    1.000000
    6.990000    0.000000    1.000000
    7.000000    0.000000    1.000000
    7.010000    0.000000    1.000000
    7.020000    0.000000    1.000000
    7.030000    0.000000    1.000000
    7.040000    0.000000    1.000000
    7.050000    0.000000    1.000000
    7.060000    0.000000    1.000000
    7.070000    0.000000    1.000000
    7.080000    0.000000    1.000000
    7.090000    0.000000    1.000000
    7.100000    0.000000    1.000000
    7.110000    0.000000    1.000000
    7.120000    0.000000    1.000000
    7.130000    0.000000    1.000000
    7.140000    0.000000    1.000000
    7.150000    0.000000    1.000000
    7.160000    0.000000    1.000000
    7.170000    0.000000    1.000000
    7.180000    0.000000    1.000000
    7.190000    0.000000    1.000000
    7.200000    0.000000    1.000000
    7.210000    0.000000    1.000000
    7.220000    0.000000    1.000000
    7.230000    0.000000    1.000000
    7.240000    0.000000    1.000000
    7.250000    0.000000    1.000000
    7.260000    0.000000    1.000000
    7.270000    0.000000    1.000000
    7.280000    0.000000    1.000000
    7.290000    0.000000    1.000000
    7.300000    0.000000    1.000000
    7.310000    0.000000    1.000000
    7.320000    0.000000    1.000000
    7.330000    0.000000    1.000000
    7.340000    0.000000    1.000000
    7.350000    0.000000    1.000000
    7.360000    0.000000    1.000000
    7.370000    0.000000    1.000000
    7.380000    0.000000    1.000000
    7.390000    0.000000    1.000000
    7.400000    0.000000    1.000000
    7.410000    0.000000    1.000000
    7.420000    0.000000    1.000000
    7.430000    0.000000    1.000000
    7.440000    0.000000    1.000000
    7.450000    0.000000    1.000000
    7.460000    0.000000    1.000000
    7.470000    0.000000    1.000000
    7.480000    0.000000    1.000000
    7.490000    0.000000    1.000000
    7.500000    0.000000    1.000000
    7.510000    0.000000    1.000000
    7.520000    0.000000    1.000000
    7.530000    0.000000    1.000000
    7.540000    0.000000    1.000000
    7.550000    0.000000    1.000000
    7.560000    0.000000    1.000000
    7.570000    0.000000    1.000000
    7.580000    0.000000    1.000000
    7.590000    0.000000    1.000000
    7.600000    0.000000    1.000000
    7.610000    0.000000    1.000000
    7.620000    0.000000    1.000000
    7.630000    0.000000    1.000000
    7.640000    0.000000    1.000000
    7.650000    0.000000    1.000000
    7.660000    0.000000    1.000000
    7.670000    0.000000    1.000000
    7.680000    0.000000    1.000000
    7.690000    0.000000    1.000000
    7.700000    0.000000    1.000000
    7.710000    0.000000    1.000000
    7.720000    0.000000    1.000000
    7.730000    0.000000    1.000000
    7.740000    0.000000    1.000000
    7.750000    0.000000    1.000000
    7.760000    0.000000    1.000000
    7.770000    0.000000    1.000000
    7.780000    0.000000    1.000000
    7.790000    0.000000    1.000000
    7.800000    0.000000    1.000000
    7.810000    0.000000    1.000000
    7.820000    0.000000    1.000000
    7.830000    0.000000    1.000000
    7.840000    0.000000    1.000000
    7.850000    0.000000    1.000000
    7.860000    0.000000    1.000000
    7.870000    0.000000    1.000000
    7.880000    0.000000    1.000000
    7.890000    0.000000    1.000000
    7.900000    0.000000    1.000000
    7.910000    0.000000    1.000000
    7.920000    0.000000    1.000000
    7.930000    0.000000    1.000000
    7.940000    0.000000    1.000000
    7.950000    0.000000    1.000000
    7.960000    0.000000    1.000000
    7.970000    0.000000    1.000000
    7.980000    0.000000    1.000000
    7.990000    0.000000    1.000000
    8.000000    0.000000    1.000000
    8.010000    0.000000    1.000000
    8.020000    0.000000    1.000000
    8.030000    0.000000    1.000000
    8.040000    0.000000    1.000000
    8.050000    0.000000    1.000000
    8.060000    0.000000    1.000000
    8.070000    0.000000    1.000000
    8.080000    0.000000    1.000000
    8.090000    0.000000    1.000000
    8.100000    0.000000    1.000000
    8.110000    0.000000    1.000000
    8.120000    0.000000    1.000000
    8.130000    0.000000    1.000000
    8.140000    0.000000    1.000000
    8.150000    0.000000    1.000000
    8.160000    0.000000    1.000000
    8.170000    0.000000    1.000000
    8.180000    0.000000    1.000000
    8.190000    0.000000    1.000000
    8.200000    0.000000    1.000000
    8.210000    0.000000    1.000000
    8.220000    0.000000    1.000000
    8.230000    0.000000    1.000000
    8.240000    0.000000    1.000000
    8.250000    0.000000    1.000000
    8.260000    0.000000    1.000000
    8.270000    0.000000    1.000000
    8.280000    0.000000    1.000000
    8.290000    0.000000    1.000000
    8.300000    0.000000    1.000000
    8.310000    0.000000    1.000000
    8.320000    0.000000    1.000000
    8.330000    0.000000    1.000000
    8.340000    0.000000    1.000000
    8.350000    0.000000    1.000000
    8.360000    0.000000    1.000000
    8.370000    0.000000    1.000000
    8.380000    0.000000    1.000000
    8.390000    0.000000    1.000000
    8.400000    0.000000    1.000000
    8.410000    0.000000    1.000000
    8.420000    0.000000    1.000000
    8.430000    0.000000    1.000000
    8.440000    0.000000    1.000000
    8.450000    0.000000    1.000000
    8.460000    0.000000    1.000000
    8.470000    0.000000    1.000000
    8.480000    0.000000    1.000000
    8.490000    0.000000    1.000000
    8.500000    0.000000    1.000000
    8.510000    0.000000    1.000000
    8.520000    0.000000    1.000000
    8.530000    0.000000    1.000000
    8.540000    0.000000    1.000000
    8.550000    0.000000    1.000000
    8.560000    0.000000    1.000000
    8.570000    0.000000    1.000000
    8.580000    0.000000    1.000000
    8.590000    0.000000    1.000000
    8.600000    0.000000    1.000000
    8.610000    0.000000    1.000000
    8.620000    0.000000    1.000000
    8.630000    0.000000    1.000000
    8.640000    0.000000    1.000000
    8.650000    0.000000    1.000000
    8.660000    0.000000    1.000000
    8.670000    0.000000    1.000000
    8.680000    0.000000    1.000000
    8.690000    0.000000    1.000000
    8.700000    0.000000    1.000000
    8.710000    0.000000    1.000000
    8.720000    0.000000    1.000000
    8.730000    0.000000    1.000000
    8.740000    0.000000    1.000000
    8.750000    0.000000    1.000000
    8.760000    0.000000    1.000000
    8.770000    0.000000    1.000000
    8.780000    0.000000    1.000000
    8.790000    0.000000    1.000000
    8.800000    0.000000    1.000000
    8.810000    0.000000    1.000000
    8.820000    0.000000    1.000000
    8.830000    0.000000    1.000000
    8.840000    0.000000    1.000000
    8.850000    0.000000    1.000000
    8.860000    0.000000    1.000000
    8.870000    0.000000    1.000000
    8.880000    0.000000    1.000000
    8.890000    0.000000    1.000000
    8.900000    0.000000    1.000000
    8.910000    0.000000    1.000000
    8.920000    0.000000    1.000000
    8.930000    0.000000    1.000000
    8.940000    0.000000    1.000000
    8.950000    0.000000    1.000000
    8.960000    0.000000    1.000000
    8.970000    0.000000    1.000000
    8.980000    0.000000    1.000000
    8.990000    0.000000    1.000000
    9.000000    0.000000    1.000000
    9.010000    0.000000    1.000000
    9.020000    0.000000    1.000000
    9.030000    0.000000    1.000000
    9.040000    0.000000    1.000000
    9.050000    0.000000    1.000000
    9.060000    0.000000    1.000000
    9.070000    0.000000    1.000000
    9.080000    0.000000    1.000000
    9.090000    0.000000    1.000000
    9.100000    0.000000    1.000000
    9.110000    0.000000    1.000000
    9.120000    0.000000    1.000000
    9.130000    0.000000    1.000000
    9.140000    0.000000    1.000000
    9.150000    0.000000    1.000000
    9.160000    0.000000    1.000000
    9.170000    0.000000    1.000000
    9.180000    0.000000    1.000000
    9.190000    0.000000    1.000000
    9.200000    0.000000    1.000000
    9.210000    0.000000    1.000000
    9.220000    0.000000    1.000000
    9.230000    0.000000    1.000000
    9.240000    0.000000    1.000000
    9.250000    0.000000    1.000000
    9.260000    0.000000    1.000000
    9.270000    0.000000    1.000000
    9.280000    0.000000    1.000000
    9.290000    0.000000    1.000000
    9.300000    0.000000    1.000000
    9.310000    0.000000    1.000000
    9.320000    0.000000    1.000000
    9.330000    0.000000    1.000000
    9.340000    0.000000    1.000000
    9.350000    0.000000    1.000000
    9.360000    0.000000    1.000000
    9.370000    0.000000    1.000000
    9.380000    0.000000    1.000000
    9.390000    0.000000    1.000000
    9.400000    0.000000    1.000000
    9.410000    0.000000    1.000000
    9.420000    0.000000    1.000000
    9.430000    0.000000    1.000000
    9.440000    0.000000    1.000000
    9.450000    0.000000    1.000000
    9.460000    0.000000    1.000000
    9.470000    0.000000    1.000000
    9.480000    0.000000    1.000000
    9.490000    0.000000    1.000000
    9.500000    0.000000    1.000000
    9.510000    0.000000    1.000000
    9.520000    0.000000    1.000000
    9.530000    0.000000    1.000000
    9.540000    0.000000    1.000000
    9.550000    0.000000    1.000000
    9.560000    0.000000    1.000000
    9.570000    0.000000    1.000000
    9.580000    0.000000    1.000000
    9.590000    0.000000    1.000000
    9.600000    0.000000    1.000000
    9.610000    0.000000    1.000000
    9.620000    0.000000    1.000000
    9.630000    0.000000    1.000000
    9.640000    0.000000    1.000000
    9.650000    0.000000    1.000000
    9.660000    0.000000    1.000000
    9.670000    0.000000    1.000000
    9.680000    0.000000    1.000000
    9.690000    0.000000    1.000000
    9.700000    0.000000    1.000000
    9.710000    0.000000    1.000000
    9.720000    0.000000    1.000000
    9.730000    0.000000    1.000000
    9.740000    0.000000    1.000000
    9.750000    0.000000    1.000000
    9.760000    0.000000    1.000000
    9.770000    0.000000    1.000000
    9.780000    0.000000    1.000000
    9.790000    0.000000    1.000000
    9.800000    0.000000    1.000000
    9.810000    0.000000    1.000000
    9.820000    0.000000    1.000000
    9.830000    0.000000    1.000000
    9.840000    0.000000    1.000000
    9.850000    0.000000    1.000000
    9.860000    0.000000    1.000000
    9.870000    0.000000    1.000000
    9.880000    0.000000    1.000000
    9.890000    0.000000    1.000000
    9.900000    0.000000    1.000000
    9.910000    0.000000    1.000000
    9.920000    0.000000    1.000000
    9.930000    0.000000    1.000000
    9.940000    0.000000    1.000000
    9.950000    0.000000    1.000000
    9.960000    0.000000    1.000000
    9.970000    0.000000    1.000000
    9.980000    0.000000    1.000000
    9.990000    0.000000    1.000000
   10.000000    0.000000    1.000000
