#          r        u(r)        g(r)
    0.010000         inf    0.000000
    0.020000         inf    0.000000
    0.030000         inf    0.000000
    0.040000         inf    0.000000
    0.050000         inf    0.000000
    0.060000         inf    0.000000
    0.070000         inf    0.000000
    0.080000         inf    0.000000
    0.090000         inf    0.000000
    0.100000         inf    0.000000
    0.110000         inf    0.000000
    0.120000         inf    0.000000
    0.130000         inf    0.000000
    0.140000         inf    0.000000
    0.150000         inf    0.000000
    0.160000         inf    0.000000
    0.170000         inf    0.000000
    0.180000         inf    0.000000
    0.190000         inf    0.000000
    0.200000         inf    0.000000
    0.210000         inf    0.000000
    0.220000         inf    0.000000
    0.230000         inf    0.000000
    0.240000         inf    0.000000
    0.250000         inf    0.000000
    0.260000         inf    0.000000
    0.270000         inf    0.000000
    0.280000         inf    0.000000
    0.290000         inf    0.000000
    0.300000         inf    0.000000
    0.310000         inf    0.000000
    0.320000         inf    0.000000
    0.330000         inf    0.000000
    0.340000         inf    0.000000
    0.350000         inf    0.000000
    0.360000         inf    0.000000
    0.370000         inf    0.000000
    0.380000         inf    0.000000
    0.390000         inf    0.000000
    0.400000         inf    0.000000
    0.410000         inf    0.000000
    0.420000         inf    0.000000
    0.430000         inf    0.000000
    0.440000         inf    0.000000
    0.450000         inf    0.000000
    0.460000         inf    0.000000
    0.470000         inf    0.000000
    0.480000         inf    0.000000
    0.490000         inf    0.000000
    0.500000         inf    0.000000
    0.510000         inf    0.000000
    0.520000         inf    0.000000
    0.530000         inf    0.000000
    0.540000         inf    0.000000
    0.550000         inf    0.000000
    0.560000         inf    0.000000
    0.570000         inf    0.000000
    0.580000         inf    0.000000
    0.590000         inf    0.000000
    0.600000         inf    0.000000
    0.610000         inf    0.000000
    0.620000         inf    0.000000
    0.630000         inf    0.000000
    0.640000         inf    0.000000
    0.650000         inf    0.000000
    0.660000         inf    0.000000
    0.670000         inf    0.000000
    0.680000         inf    0.000000
    0.690000         inf    0.000000
    0.700000         inf    0.000000
    0.710000         inf    0.000000
    0.720000         inf    0.000000
    0.730000         inf    0.000000
    0.740000         inf    0.000000
    0.750000         inf    0.000000
    0.760000         inf    0.000000
    0.770000         inf    0.000000
    0.780000         inf    0.000000
    0.790000         inf    0.000000
    0.800000         inf    0.000000
    0.810000         inf    0.000000
    0.820000         inf    0.000000
    0.830000         inf    0.000000
    0.840000         inf    0.000000
    0.850000         inf    0.000000
    0.860000         inf    0.000000
    0.870000         inf    0.000000
    0.880000         inf    0.000000
    0.890000         inf    0.000000
    0.900000         inf    0.000000
    0.910000         inf    0.000000
    0.920000         inf    0.000000
    0.930000         inf    0.000000
    0.940000         inf    0.000000
    0.950000         inf    0.000000
    0.960000         inf    0.000000
    0.970000         inf    0.000000
    0.980000         inf    0.000000
    0.990000         inf    0.000000
    1.000000    0.000000    1.267299
    1.010000    0.000000    1.261073
    1.020000    0.000000    1.254929
    1.030000    0.000000    1.248865
    1.040000    0.000000    1.242879
    1.050000    0.000000    1.236972
    1.060000    0.000000    1.231142
    1.070000    0.000000    1.225389
    1.080000    0.000000    1.219710
    1.090000    0.000000    1.214107
    1.100000    0.000000    1.208578
    1.110000    0.000000    1.203122
    1.120000    0.000000    1.197739
    1.130000    0.000000    1.192429
    1.140000    0.000000    1.187190
    1.150000    0.000000    1.182024
    1.160000    0.000000    1.176928
    1.170000    0.000000    1.171903
    1.180000    0.000000    1.166948
    1.190000    0.000000    1.162064
    1.200000    0.000000    1.157249
    1.210000    0.000000    1.152504
    1.220000    0.000000    1.147828
    1.230000    0.000000    1.143221
    1.240000    0.000000    1.138683
    1.250000    0.000000    1.134214
    1.260000    0.000000    1.129814
    1.270000    0.000000    1.125481
    1.280000    0.000000    1.121217
    1.290000    0.000000    1.117021
    1.300000    0.000000    1.112894
    1.310000    0.000000    1.108833
    1.320000    0.000000    1.104841
    1.330000    0.000000    1.100917
    1.340000    0.000000    1.097060
    1.350000    0.000000    1.093270
    1.360000    0.000000    1.089548
    1.370000    0.000000    1.085893
    1.380000    0.000000    1.082306
    1.390000    0.000000    1.078786
    1.400000    0.000000    1.075333
    1.410000    0.000000    1.071947
    1.420000    0.000000    1.068629
    1.430000    0.000000    1.065377
    1.440000    0.000000    1.062193
    1.450000    0.000000    1.059075
    1.460000    0.000000    1.056025
    1.470000    0.000000    1.053041
    1.480000    0.000000    1.050124
    1.490000    0.000000    1.047274
    1.500000    0.000000    1.044491
    1.510000    0.000000    1.041775
    1.520000    0.000000    1.039126
    1.530000    0.000000    1.036543
    1.540000    0.000000    1.034028
    1.550000    0.000000    1.031578
    1.560000    0.000000    1.029196
    1.570000    0.000000    1.026880
    1.580000    0.000000    1.024631
    1.590000    0.000000    1.022449
    1.600000    0.000000    1.020333
    1.610000    0.000000    1.018284
    1.620000    0.000000    1.016301
    1.630000    0.000000    1.014385
    1.640000    0.000000    1.012536
    1.650000    0.000000    1.010753
    1.660000    0.000000    1.009037
    1.670000    0.000000    1.007387
    1.680000    0.000000    1.005803
    1.690000    0.000000    1.004287
    1.700000    0.000000    1.002836
    1.710000    0.000000    1.001452
    1.720000    0.000000    1.000134
    1.730000    0.000000    0.998883
    1.740000    0.000000    0.997698
    1.750000    0.000000    0.996580
    1.760000    0.000000    0.995528
    1.770000    0.000000    0.994542
    1.780000    0.000000    0.993623
    1.790000    0.000000    0.992770
    1.800000    0.000000    0.991983
    1.810000    0.000000    0.991262
    1.820000    0.000000    0.990608
    1.830000    0.000000    0.990020
    1.840000    0.000000    0.989498
    1.850000    0.000000    0.989043
    1.860000    0.000000    0.988654
    1.870000    0.000000    0.988331
    1.880000    0.000000    0.988074
    1.890000    0.000000    0.987883
    1.900000    0.000000    0.987759
    1.910000    0.000000    0.987700
    1.920000    0.000000    0.987708
    1.930000    0.000000    0.987782
    1.940000    0.000000    0.987923
    1.950000    0.000000    0.988129
    1.960000    0.000000    0.988402
    1.970000    0.000000    0.988741
    1.980000    0.000000    0.989146
    1.990000    0.000000    0.989617
    2.000000    0.000000    0.990154
    2.010000    0.000000    0.990714
    2.020000    0.000000    0.991254
    2.030000    0.000000    0.991775
    2.040000    0.000000    0.992276
    2.050000    0.000000    0.992758
    2.060000    0.000000    0.993222
    2.070000    0.000000    0.993667
    2.080000    0.000000    0.994096
    2.090000    0.000000    0.994506
    2.100000    0.000000    0.994901
    2.110000    0.000000    0.995278
    2.120000    0.000000    0.995640
    2.130000    0.000000    0.995986
    2.140000    0.000000    0.996316
    2.150000    0.000000    0.996632
    2.160000    0.000000    0.996934
    2.170000    0.000000    0.997221
    2.180000    0.000000    0.997494
    2.190000    0.000000    0.997754
    2.200000    0.000000    0.998001
    2.210000    0.000000    0.998236
    2.220000    0.000000    0.998458
    2.230000    0.000000    0.998668
    2.240000    0.000000    0.998866
    2.250000    0.000000    0.999054
    2.260000    0.000000    0.999230
    2.270000    0.000000    0.999396
    2.280000    0.000000    0.999551
    2.290000    0.000000    0.999697
    2.300000    0.000000    0.999833
    2.310000    0.000000    0.999960
    2.320000    0.000000    1.000078
    2.330000    0.000000    1.000187
    2.340000    0.000000    1.000288
    2.350000    0.000000    1.000381
    2.360000    0.000000    1.000466
    2.370000    0.000000    1.000544
    2.380000    0.000000    1.000614
    2.390000    0.000000    1.000678
    2.400000    0.000000    1.000735
    2.410000    0.000000    1.000786
    2.420000    0.000000    1.000831
    2.430000    0.000000    1.000870
    2.440000    0.000000    1.000904
    2.450000    0.000000    1.000932
    2.460000    0.000000    1.000956
    2.470000    0.000000    1.000975
    2.480000    0.000000    1.000989
    2.490000    0.000000    1.000999
    2.500000    0.000000    1.001006
    2.510000    0.000000    1.001008
    2.520000    0.000000    1.001007
    2.530000    0.000000    1.001003
    2.540000    0.000000    1.000995
    2.550000    0.000000    1.000985
    2.560000    0.000000    1.000972
    2.570000    0.000000    1.000956
    2.580000    0.000000    1.000939
    2.590000    0.000000    1.000919
    2.600000    0.000000    1.000897
    2.610000    0.000000    1.000874
    2.620000    0.000000    1.000849
    2.630000    0.000000    1.000822
    2.640000    0.000000    1.000795
    2.650000    0.000000    1.000766
    2.660000    0.000000    1.000737
    2.670000    0.000000    1.000706
    2.680000    0.000000    1.000675
    2.690000    0.000000    1.000644
    2.700000    0.000000    1.000613
    2.710000    0.000000    1.000581
    2.720000    0.000000    1.000549
    2.730000    0.000000    1.000517
    2.740000    0.000000    1.000485
    2.750000    0.000000    1.000454
    2.760000    0.000000    1.000422
    2.770000    0.000000    1.000392
    2.780000    0.000000    1.000361
    2.790000    0.000000    1.000332
    2.800000    0.000000    1.000303
    2.810000    0.000000    1.000275
    2.820000    0.000000    1.000247
    2.830000    0.000000    1.000221
    2.840000    0.000000    1.000195
    2.850000    0.000000    1.000171
    2.860000    0.000000    1.000147
    2.870000    0.000000    1.000125
    2.880000    0.000000    1.000103
    2.890000    0.000000    1.000083
    2.900000    0.000000    1.000064
    2.910000    0.000000    1.000046
    2.920000    0.000000    1.000029
    2.930000    0.000000    1.000013
    2.940000    0.000000    0.999998
    2.950000    0.000000    0.999985
    2.960000    0.000000    0.999973
    2.970000    0.000000    0.999961
    2.980000    0.000000    0.999951
    2.990000    0.000000    0.999942
    3.000000    0.000000    0.999933
    3.010000    0.000000    0.999926
    3.020000    0.000000    0.999919
    3.030000    0.000000    0.999914
    3.040000    0.000000    0.999909
    3.050000    0.000000    0.999904
    3.060000    0.000000    0.999901
    3.070000    0.000000    0.999898
    3.080000    0.000000    0.999896
    3.090000    0.000000    0.999894
    3.100000    0.000000    0.999893
    3.110000    0.000000    0.999892
    3.120000    0.000000    0.999892
    3.130000    0.000000    0.999892
    3.140000    0.000000    0.999893
    3.150000    0.000000    0.999893
    3.160000    0.000000    0.999895
    3.170000    0.000000    0.999896
    3.180000    0.000000    0.999898
    3.190000    0.000000    0.999900
    3.200000    0.000000    0.999902
    3.210000    0.000000    0.999904
    3.220000    0.000000    0.999907
    3.230000    0.000000    0.999910
    3.240000    0.000000    0.999913
    3.250000    0.000000    0.999916
    3.260000    0.000000    0.999919
    3.270000    0.000000    0.999922
    3.280000    0.000000    0.999925
    3.290000    0.000000    0.999928
    3.300000    0.000000    0.999931
    3.310000    0.000000    0.999935
    3.320000    0.000000    0.999938
    3.330000    0.000000    0.999941
    3.340000    0.000000    0.999945
    3.350000    0.000000    0.999948
    3.360000    0.000000    0.999951
    3.370000    0.000000    0.999954
    3.380000    0.000000    0.999957
    3.390000    0.000000    0.999960
    3.400000    0.000000    0.999963
    3.410000    0.000000    0.999966
    3.420000    0.000000    0.999969
    3.430000    0.000000    0.999972
    3.440000    0.000000    0.999974
    3.450000    0.000000    0.999977
    3.460000    0.000000    0.999979
    3.470000    0.000000    0.999982
    3.480000    0.000000    0.999984
    3.490000    0.000000    0.999986
    3.500000    0.000000    0.999988
    3.510000    0.000000    0.999990
    3.520000    0.000000    0.999992
    3.530000    0.000000    0.999994
    3.540000    0.000000    0.999996
    3.550000    0.000000    0.999997
    3.560000    0.000000    0.999999
    3.570000    0.000000    1.000000
    3.580000    0.000000    1.000002
    3.590000    0.000000    1.000003
    3.600000    0.000000    1.000004
    3.610000    0.000000    1.000005
    3.620000    0.000000    1.000006
    3.630000    0.000000    1.000007
    3.640000    0.000000    1.000008
    3.650000    0.000000    1.000008
    3.660000    0.000000    1.000009
    3.670000    0.000000    1.000009
    3.680000    0.000000    1.000010
    3.690000    0.000000    1.000010
    3.700000    0.000000    1.000011
    3.710000    0.000000    1.000011
    3.720000    0.000000    1.000011
    3.730000    0.000000    1.000011
    3.740000    0.000000    1.000011
    3.750000    0.000000    1.000011
    3.760000    0.000000    1.000011
    3.770000    0.000000    1.000011
    3.780000    0.000000    1.000011
    3.790000    0.000000    1.000011
    3.800000    0.000000    1.000011
    3.810000    0.000000    1.000011
    3.820000    0.000000    1.000011
    3.830000    0.000000    1.000010
    3.840000    0.000000    1.000010
    3.850000    0.000000    1.000010
    3.860000    0.000000    1.000010
    3.870000    0.000000    1.000009
    3.880000    0.000000    1.000009
    3.890000    0.000000    1.000009
    3.900000    0.000000    1.000008
    3.910000    0.000000    1.000008
    3.920000    0.000000    1.000008
    3.930000    0.000000    1.000007
    3.940000    0.000000    1.000007
    3.950000    0.000000    1.000006
    3.960000    0.000000    1.000006
    3.970000    0.000000    1.000006
    3.980000    0.000000    1.000005
    3.990000    0.000000    1.000005
    4.000000    0.000000    1.000005
    4.010000    0.000000    1.000004
    4.020000    0.000000    1.000004
    4.030000    0.000000    1.000004
    4.040000    0.000000    1.000003
    4.050000    0.000000    1.000003
    4.060000    0.000000    1.000003
    4.070000    0.000000    1.000003
    4.080000    0.000000    1.000002
    4.090000    0.000000    1.000002
    4.100000    0.000000    1.000002
    4.110000    0.000000    1.000002
    4.120000    0.000000    1.000001
    4.130000    0.000000    1.000001
    4.140000    0.000000    1.000001
    4.150000    0.000000    1.000001
    4.160000    0.000000    1.000000
    4.170000    0.000000    1.000000
    4.180000    0.000000    1.000000
    4.190000    0.000000    1.000000
    4.200000    0.000000    1.000000
    4.210000    0.000000    1.000000
    4.220000    0.000000    1.000000
    4.230000    0.000000    0.999999
    4.240000    0.000000    0.999999
    4.250000    0.000000    0.999999
    4.260000    0.000000    0.999999
    4.270000    0.000000    0.999999
    4.280000    0.000000    0.999999
    4.290000    0.000000    0.999999
    4.300000    0.000000    0.999999
    4.310000    0.000000    0.999999
    4.320000    0.000000    0.999999
    4.330000    0.000000    0.999999
    4.340000    0.000000    0.999999
    4.350000    0.000000    0.999999
    4.360000    0.000000    0.999999
    4.370000    0.000000    0.999999
    4.380000    0.000000    0.999999
    4.390000    0.000000    0.999999
    4.400000    0.000000    0.999999
    4.410000    0.000000    0.999999
    4.420000    0.000000    0.999999
    4.430000    0.000000    0.999999
    4.440000    0.000000    0.999999
    4.450000    0.000000    0.999999
    4.460000    0.000000    0.999999
    4.470000    0.000000    0.999999
    4.480000    0.000000    0.999999
    4.490000    0.000000    0.999999
    4.500000    0.000000    0.999999
    4.510000    0.000000    0.999999
    4.520000    0.000000    0.999999
    4.530000    0.000000    0.999999
    4.540000    0.000000    0.999999
    4.550000    0.000000    0.999999
    4.560000    0.000000    0.999999
    4.570000    0.000000    0.999999
    4.580000    0.000000    0.999999
    4.590000    0.000000    0.999999
    4.600000    0.000000    0.999999
    4.610000    0.000000    0.999999
    4.620000    0.000000    0.999999
    4.630000    0.000000    1.000000
    4.640000    0.000000    1.000000
    4.650000    0.000000    1.000000
    4.660000    0.000000    1.000000
    4.670000    0.000000    1.000000
    4.680000    0.000000    1.000000
    4.690000    0.000000    1.000000
    4.700000    0.000000    1.000000
    4.710000    0.000000    1.000000
    4.720000    0.000000    1.000000
    4.730000    0.000000    1.000000
    4.740000    0.000000    1.000000
    4.750000    0.000000    1.000000
    4.760000    0.000000    1.000000
    4.770000    0.000000    1.000000
    4.780000    0.000000    1.000000
    4.790000    0.000000    1.000000
    4.800000    0.000000    1.000000
    4.810000    0.000000    1.000000
    4.820000    0.000000    1.000000
    4.830000    0.000000    1.000000
    4.840000    0.000000    1.000000
    4.850000    0.000000    1.000000
    4.860000    0.000000    1.000000
    4.870000    0.000000    1.000000
    4.880000    0.000000    1.000000
    4.890000    0.000000    1.000000
    4.900000    0.000000    1.000000
    4.910000    0.000000    1.000000
    4.920000    0.000000    1.000000
    4.930000    0.000000    1.000000
    4.940000    0.000000    1.000000
    4.950000    0.000000    1.000000
    4.960000    0.000000    1.000000
    4.970000    0.000000    1.000000
    4.980000    0.000000    1.000000
    4.990000    0.000000    1.000000
    5.000000    0.000000    1.000000
    5.010000    0.000000    1.000000
    5.020000    0.000000    1.000000
    5.030000    0.000000    1.000000
    5.040000    0.000000    1.000000
    5.050000    0.000000    1.000000
    5.060000    0.000000    1.000000
    5.070000    0.000000    1.000000
    5.080000    0.000000    1.000000
    5.090000    0.000000    1.000000
    5.100000    0.000000    1.000000
    5.110000    0.000000    1.000000
    5.120000    0.000000    1.000000
    5.130000    0.000000    1.000000
    5.140000    0.000000    1.000000
    5.150000    0.000000    1.000000
    5.160000    0.000000    1.000000
    5.170000    0.000000    1.000000
    5.180000    0.000000    1.000000
    5.190000    0.000000    1.000000
    5.200000    0.000000    1.000000
    5.210000    0.000000    1.000000
    5.220000    0.000000    1.000000
    5.230000    0.000000    1.000000
    5.240000    0.000000    1.000000
    5.250000    0.000000    1.000000
    5.260000    0.000000    1.000000
    5.270000    0.000000    1.000000
    5.280000    0.000000    1.000000
    5.290000    0.000000    1.000000
    5.300000    0.000000    1.000000
    5.310000    0.000000    1.000000
    5.320000    0.000000    1.000000
    5.330000    0.000000    1.000000
    5.340000    0.000000    1.000000
    5.350000    0.000000    1.000000
    5.360000    0.000000    1.000000
    5.370000    0.000000    1.000000
    5.380000    0.000000    1.000000
    5.390000    0.000000    1.000000
    5.400000    0.000000    1.000000
    5.410000    0.000000    1.000000
    5.420000    0.000000    1.000000
    5.430000    0.000000    1.000000
    5.440000    0.000000    1.000000
    5.450000    0.000000    1.000000
    5.460000    0.000000    1.000000
    5.470000    0.000000    1.000000
    5.480000    0.000000    1.000000
    5.490000    0.000000    1.000000
    5.500000    0.000000    1.000000
    5.510000    0.000000    1.000000
    5.520000    0.000000    1.000000
    5.530000    0.000000    1.000000
    5.540000    0.000000    1.000000
    5.550000    0.000000    1.000000
    5.560000    0.000000    1.000000
    5.570000    0.000000    1.000000
    5.580000    0.000000    1.000000
    5.590000    0.000000    1.000000
    5.600000    0.000000    1.000000
    5.610000    0.000000    1.000000
    5.620000    0.000000    1.000000
    5.630000    0.000000    1.000000
    5.640000    0.000000    1.000000
    5.650000    0.000000    1.000000
    5.660000    0.000000    1.000000
    5.670000    0.000000    1.000000
    5.680000    0.000000    1.000000
    5.690000    0.000000    1.000000
    5.700000    0.000000    1.000000
    5.710000    0.000000    1.000000
    5.720000    0.000000    1.000000
    5.730000    0.000000    1.000000
    5.740000    0.000000    1.000000
    5.750000    0.000000    1.000000
    5.760000    0.000000    1.000000
    5.770000    0.000000    1.000000
    5.780000    0.000000    1.000000
    5.790000    0.000000    1.000000
    5.800000    0.000000    1.000000
    5.810000    0.000000    1.000000
    5.820000    0.000000    1.000000
    5.830000    0.000000    1.000000
    5.840000    0.000000    1.000000
    5.850000    0.000000    1.000000
    5.860000    0.000000    1.000000
    5.870000    0.000000    1.000000
    5.880000    0.000000    1.000000
    5.890000    0.000000    1.000000
    5.900000    0.000000    1.000000
    5.910000    0.000000    1.000000
    5.920000    0.000000    1.000000
    5.930000    0.000000    1.000000
    5.940000    0.000000    1.000000
    5.950000    0.000000    1.000000
    5.960000    0.000000    1.000000
    5.970000    0.000000    1.000000
    5.980000    0.000000    1.000000
    5.990000    0.000000    1.000000
    6.000000    0.000000    1.000000
    6.010000    0.000000    1.000000
    6.020000    0.000000    1.000000
    6.030000    0.000000    1.000000
    6.040000    0.000000    1.000000
    6.050000    0.000000    1.000000
    6.060000    0.000000    1.000000
    6.070000    0.000000    1.000000
    6.080000    0.000000    1.000000
    6.090000    0.000000    1.000000
    6.100000    0.000000    1.000000
    6.110000    0.000000    1.000000
    6.120000    0.000000    1.000000
    6.130000    0.000000    1.000000
    6.140000    0.000000    1.000000
    6.150000    0.000000    1.000000
    6.160000    0.000000    1.000000
    6.170000    0.000000    1.000000
    6.180000    0.000000    1.000000
    6.190000    0.000000    1.000000
    6.200000    0.000000    1.000000
    6.210000    0.000000    1.000000
    6.220000    0.000000    1.000000
    6.230000    0.000000    1.000000
    6.240000    0.000000    1.000000
    6.250000    0.000000    1.000000
    6.260000    0.000000    1.000000
    6.270000    0.000000    1.000000
    6.280000    0.000000    1.000000
    6.290000    0.000000    1.000000
    6.300000    0.000000    1.000000
    6.310000    0.000000    1.000000
    6.320000    0.000000    1.000000
    6.330000    0.000000    1.000000
    6.340000    0.000000    1.000000
    6.350000    0.000000    1.000000
    6.360000    0.000000    1.000000
    6.370000    0.000000    1.000000
    6.380000    0.000000    1.000000
    6.390000    0.000000    1.000000
    6.400000    0.000000    1.000000
    6.410000    0.000000    1.000000
    6.420000    0.000000    1.000000
    6.430000    0.000000    1.000000
    6.440000    0.000000    1.000000
    6.450000    0.000000    1.000000
    6.460000    0.000000    1.000000
    6.470000    0.000000    1.000000
    6.480000    0.000000    1.000000
    6.490000    0.000000    1.000000
    6.500000    0.000000    1.000000
    6.510000    0.000000    1.000000
    6.520000    0.000000    1.000000
    6.530000    0.000000    1.000000
    6.540000    0.000000    1.000000
    6.550000    0.000000    1.000000
    6.560000    0.000000    1.000000
    6.570000    0.000000    1.000000
    6.580000    0.000000    1.000000
    6.590000    0.000000    1.000000
    6.600000    0.000000    1.000000
    6.610000    0.000000    1.000000
    6.620000    0.000000    1.000000
    6.630000    0.000000    1.000000
    6.640000    0.000000    1.000000
    6.650000    0.000000    1.000000
    6.660000    0.000000    1.000000
    6.670000    0.000000    1.000000
    6.680000    0.000000    1.000000
    6.690000    0.000000    1.000000
    6.700000    0.000000    1.000000
    6.710000    0.000000    1.000000
    6.720000    0.000000    1.000000
    6.730000    0.000000    1.000000
    6.740000    0.000000    1.000000
    6.750000    0.000000    1.000000
    6.760000    0.000000    1.000000
    6.770000    0.000000    1.000000
    6.780000    0.000000    1.000000
    6.790000    0.000000    1.000000
    6.800000    0.000000    1.000000
    6.810000    0.000000    1.000000
    6.820000    0.000000    1.000000
    6.830000    0.000000    1.000000
    6.840000    0.000000    1.000000
    6.850000    0.000000    1.000000
    6.860000    0.000000    1.000000
    6.870000    0.000000    1.000000
    6.880000    0.000000    1.000000
    6.890000    0.000000    1.000000
    6.900000    0.000000    1.000000
    6.910000    0.000000    1.000000
    6.920000    0.000000    1.000000
    6.930000    0.000000    1.000000
    6.940000    0.000000    1.000000
    6.950000    0.000000    1.000000
    6.960000    0.000000    1.000000
    6.970000    0.000000    1.000000
    6.980000    0.000000    1.000000
    6.990000    0.000000    1.000000
    7.000000    0.000000    1.000000
    7.010000    0.000000    1.000000
    7.020000    0.000000    1.000000
    7.030000    0.000000    1.000000
    7.040000    0.000000    1.000000
    7.050000    0.000000    1.000000
    7.060000    0.000000    1.000000
    7.070000    0.000000    1.000000
    7.080000    0.000000    1.000000
    7.090000    0.000000    1.000000
    7.100000    0.000000    1.000000
    7.110000    0.000000    1.000000
    7.120000    0.000000    1.000000
    7.130000    0.000000    1.000000
    7.140000    0.000000    1.000000
    7.150000    0.000000    1.000000
    7.160000    0.000000    1.000000
    7.170000    0.000000    1.000000
    7.180000    0.000000    1.000000
    7.190000    0.000000    1.000000
    7.200000    0.000000    1.000000
    7.210000    0.000000    1.000000
    7.220000    0.000000    1.000000
    7.230000    0.000000    1.000000
    7.240000    0.000000    1.000000
    7.250000    0.000000    1.000000
    7.260000    0.000000    1.000000
    7.270000    0.000000    1.000000
    7.280000    0.000000    1.000000
    7.290000    0.000000    1.000000
    7.300000    0.000000    1.000000
    7.310000    0.000000    1.000000
    7.320000    0.000000    1.000000
    7.330000    0.000000    1.000000
    7.340000    0.000000    1.000000
    7.350000    0.000000    1.000000
    7.360000    0.000000    1.000000
    7.370000    0.000000    1.000000
    7.380000    0.000000    1.000000
    7.390000    0.000000    1.000000
    7.400000    0.000000    1.000000
    7.410000    0.000000    1.000000
    7.420000    0.000000    1.000000
    7.430000    0.000000    1.000000
    7.440000    0.000000    1.000000
    7.450000    0.000000    1.000000
    7.460000    0.000000    1.000000
    7.470000    0.000000    1.000000
    7.480000    0.000000    1.000000
    7.490000    0.000000    1.000000
    7.500000    0.000000    1.000000
    7.510000    0.000000    1.000000
    7.520000    0.000000    1.000000
    7.530000    0.000000    1.000000
    7.540000    0.000000    1.000000
    7.550000    0.000000    1.000000
    7.560000    0.000000    1.000000
    7.570000    0.000000    1.000000
    7.580000    0.000000    1.000000
    7.590000    0.000000    1.000000
    7.600000    0.000000    1.000000
    7.610000    0.000000    1.000000
    7.620000    0.000000    1.000000
    7.630000    0.000000    1.000000
    7.640000    0.000000    1.000000
    7.650000    0.000000    1.000000
    7.660000    0.000000    1.000000
    7.670000    0.000000    1.000000
    7.680000    0.000000    1.000000
    7.690000    0.000000    1.000000
    7.700000    0.000000    1.000000
    7.710000    0.000000    1.000000
    7.720000    0.000000    1.000000
    7.730000    0.000000    1.000000
    7.740000    0.000000    1.000000
    7.750000    0.000000    1.000000
    7.760000    0.000000    1.000000
    7.770000    0.000000    1.000000
    7.780000    0.000000    1.000000
    7.790000    0.000000    1.000000
    7.800000    0.000000    1.000000
    7.810000    0.000000    1.000000
    7.820000    0.000000    1.000000
    7.830000    0.000000    1.000000
    7.840000    0.000000    1.000000
    7.850000    0.000000    1.000000
    7.860000    0.000000    1.000000
    7.870000    0.000000    1.000000
    7.880000    0.000000    1.000000
    7.890000    0.000000    1.000000
    7.900000    0.000000    1.000000
    7.910000    0.000000    1.000000
    7.920000    0.000000    1.000000
    7.930000    0.000000    1.000000
    7.940000    0.000000    1.000000
    7.950000    0.000000    1.000000
    7.960000    0.000000    1.000000
    7.970000    0.000000    1.000000
    7.980000    0.000000    1.000000
    7.990000    0.000000    1.000000
    8.000000    0.000000    1.000000
    8.010000    0.000000    1.000000
    8.020000    0.000000    1.000000
    8.030000    0.000000    1.000000
    8.040000    0.000000    1.000000
    8.050000    0.000000    1.000000
    8.060000    0.000000    1.000000
    8.070000    0.000000    1.000000
    8.080000    0.000000    1.000000
    8.090000    0.000000    1.000000
    8.100000    0.000000    1.000000
    8.110000    0.000000    1.000000
    8.120000    0.000000    1.000000
    8.130000    0.000000    1.000000
    8.140000    0.000000    1.000000
    8.150000    0.000000    1.000000
    8.160000    0.000000    1.000000
    8.170000    0.000000    1.000000
    8.180000    0.000000    1.000000
    8.190000    0.000000    1.000000
    8.200000    0.000000    1.000000
    8.210000    0.000000    1.000000
    8.220000    0.000000    1.000000
    8.230000    0.000000    1.000000
    8.240000    0.000000    1.000000
    8.250000    0.000000    1.000000
    8.260000    0.000000    1.000000
    8.270000    0.000000    1.000000
    8.280000    0.000000    1.000000
    8.290000    0.000000    1.000000
    8.300000    0.000000    1.000000
    8.310000    0.000000    1.000000
    8.320000    0.000000    1.000000
    8.330000    0.000000    1.000000
    8.340000    0.000000    1.000000
    8.350000    0.000000    1.000000
    8.360000    0.000000    1.000000
    8.370000    0.000000    1.000000
    8.380000    0.000000    1.000000
    8.390000    0.000000    1.000000
    8.400000    0.000000    1.000000
    8.410000    0.000000    1.000000
    8.420000    0.000000    1.000000
    8.430000    0.000000    1.000000
    8.440000    0.000000    1.000000
    8.450000    0.000000    1.000000
    8.460000    0.000000    1.000000
    8.470000    0.000000    1.000000
    8.480000    0.000000    1.000000
    8.490000    0.000000    1.000000
    8.500000    0.000000    1.000000
    8.510000    0.000000    1.000000
    8.520000    0.000000    1.000000
    8.530000    0.000000    1.000000
    8.540000    0.000000    1.000000
    8.550000    0.000000    1.000000
    8.560000    0.000000    1.000000
    8.570000    0.000000    1.000000
    8.580000    0.000000    1.000000
    8.590000    0.000000    1.000000
    8.600000    0.000000    1.000000
    8.610000    0.000000    1.000000
    8.620000    0.000000    1.000000
    8.630000    0.000000    1.000000
    8.640000    0.000000    1.000000
    8.650000    0.000000    1.000000
    8.660000    0.000000    1.000000
    8.670000    0.000000    1.000000
    8.680000    0.000000    1.000000
    8.690000    0.000000    1.000000
    8.700000    0.000000    1.000000
    8.710000    0.000000    1.000000
    8.720000    0.000000    1.000000
    8.730000    0.000000    1.000000
    8.740000    0.000000    1.000000
    8.750000    0.000000    1.000000
    8.760000    0.000000    1.000000
    8.770000    0.000000    1.000000
    8.780000    0.000000    1.000000
    8.790000    0.000000    1.000000
    8.800000    0.000000    1.000000
    8.810000    0.000000    1.000000
    8.820000    0.000000    1.000000
    8.830000    0.000000    1.000000
    8.840000    0.000000    1.000000
    8.850000    0.000000    1.000000
    8.860000    0.000000    1.000000
    8.870000    0.000000    1.000000
    8.880000    0.000000    1.000000
    8.890000    0.000000    1.000000
    8.900000    0.000000    1.000000
    8.910000    0.000000    1.000000
    8.920000    0.000000    1.000000
    8.930000    0.000000    1.000000
    8.940000    0.000000    1.000000
    8.950000    0.000000    1.000000
    8.960000    0.000000    1.000000
    8.970000    0.000000    1.000000
    8.980000    0.000000    1.000000
    8.990000    0.000000    1.000000
    9.000000    0.000000    1.000000
    9.010000    0.000000    1.000000
    9.020000    0.000000    1.000000
    9.030000    0.000000    1.000000
    9.040000    0.000000    1.000000
    9.050000    0.000000    1.000000
    9.060000    0.000000    1.000000
    9.070000    0.000000    1.000000
    9.080000    0.000000    1.000000
    9.090000    0.000000    1.000000
    9.100000    0.000000    1.000000
    9.110000    0.000000    1.000000
    9.120000    0.000000    1.000000
    9.130000    0.000000    1.000000
    9.140000    0.000000    1.000000
    9.150000    0.000000    1.000000
    9.160000    0.000000    1.000000
    9.170000    0.000000    1.000000
    9.180000    0.000000    1.000000
    9.190000    0.000000    1.000000
    9.200000    0.000000    1.000000
    9.210000    0.000000    1.000000
    9.220000    0.000000    1.000000
    9.230000    0.000000    1.000000
    9.240000    0.000000    1.000000
    9.250000    0.000000    1.000000
    9.260000    0.000000    1.000000
    9.270000    0.000000    1.000000
    9.280000    0.000000    1.000000
    9.290000    0.000000    1.000000
    9.300000    0.000000    1.000000
    9.310000    0.000000    1.000000
    9.320000    0.000000    1.000000
    9.330000    0.000000    1.000000
    9.340000    0.000000    1.000000
    9.350000    0.000000    1.000000
    9.360000    0.000000    1.000000
    9.370000    0.000000    1.000000
    9.380000    0.000000    1.000000
    9.390000    0.000000    1.000000
    9.400000    0.000000    1.000000
    9.410000    0.000000    1.000000
    9.420000    0.000000    1.000000
    9.430000    0.000000    1.000000
    9.440000    0.000000    1.000000
    9.450000    0.000000    1.000000
    9.460000    0.000000    1.000000
    9.470000    0.000000    1.000000
    9.480000    0.000000    1.000000
    9.490000    0.000000    1.000000
    9.500000    0.000000    1.000000
    9.510000    0.000000    1.000000
    9.520000    0.000000    1.000000
    9.530000    0.000000    1.000000
    9.540000    0.000000    1.000000
    9.550000    0.000000    1.000000
    9.560000    0.000000    1.000000
    9.570000    0.000000    1.000000
    9.580000    0.000000    1.000000
    9.590000    0.000000    1.000000
    9.600000    0.000000    1.000000
    9.610000    0.000000    1.000000
    9.620000    0.000000    1.000000
    9.630000    0.000000    1.000000
    9.640000    0.000000    1.000000
    9.650000    0.000000    1.000000
    9.660000    0.000000    1.000000
    9.670000    0.000000    1.000000
    9.680000    0.000000    1.000000
    9.690000    0.000000    1.000000
    9.700000    0.000000    1.000000
    9.710000    0.000000    1.000000
    9.720000    0.000000    1.000000
    9.730000    0.000000    1.000000
    9.740000    0.000000    1.000000
    9.750000    0.000000    1.000000
    9.760000    0.000000    1.000000
    9.770000    0.000000    1.000000
    9.780000    0.000000    1.000000
    9.790000    0.000000    1.000000
    9.800000    0.000000    1.000000
    9.810000    0.000000    1.000000
    9.820000    0.000000    1.000000
    9.830000    0.000000    1.000000
    9.840000    0.000000    1.000000
    9.850000    0.000000    1.000000
    9.860000    0.000000    1.000000
    9.870000    0.000000    1.000000
    9.880000    0.000000    1.000000
    9.890000    0.000000    1.000000
    9.900000    0.000000    1.000000
    9.910000    0.000000    1.000000
    9.920000    0.000000    1.000000
    9.930000    0.000000    1.000000
    9.940000    0.000000    1.000000
    9.950000    0.000000    1.000000
    9.960000    0.000000    1.000000
    9.970000    0.000000    1.000000
    9.980000    0.000000    1.000000
    9.990000    0.000000    1.000000
   10.000000    0.000000    1.000000
