#          r        u(r)        g(r)
    0.010000         inf    0.000000
    0.020000         inf    0.000000
    0.030000         inf    0.000000
    0.040000         inf    0.000000
    0.050000         inf    0.000000
    0.060000         inf    0.000000
    0.070000         inf    0.000000
    0.080000         inf    0.000000
    0.090000         inf    0.000000
    0.100000         inf    0.000000
    0.110000         inf    0.000000
    0.120000         inf    0.000000
    0.130000         inf    0.000000
    0.140000         inf    0.000000
    0.150000         inf    0.000000
    0.160000         inf    0.000000
    0.170000         inf    0.000000
    0.180000         inf    0.000000
    0.190000         inf    0.000000
    0.200000         inf    0.000000
    0.210000         inf    0.000000
    0.220000         inf    0.000000
    0.230000         inf    0.000000
    0.240000         inf    0.000000
    0.250000         inf    0.000000
    0.260000         inf    0.000000
    0.270000         inf    0.000000
    0.280000         inf    0.000000
    0.290000         inf    0.000000
    0.300000         inf    0.000000
    0.310000         inf    0.000000
    0.320000         inf    0.000000
    0.330000         inf    0.000000
    0.340000         inf    0.000000
    0.350000         inf    0.000000
    0.360000         inf    0.000000
    0.370000         inf    0.000000
    0.380000         inf    0.000000
    0.390000         inf    0.000000
    0.400000         inf    0.000000
    0.410000         inf    0.000000
    0.420000         inf    0.000000
    0.430000         inf    0.000000
    0.440000         inf    0.000000
    0.450000         inf    0.000000
    0.460000         inf    0.000000
    0.470000         inf    0.000000
    0.480000         inf    0.000000
    0.490000         inf    0.000000
    0.500000         inf    0.000000
    0.510000         inf    0.000000
    0.520000         inf    0.000000
    0.530000         inf    0.000000
    0.540000         inf    0.000000
    0.550000         inf    0.000000
    0.560000         inf    0.000000
    0.570000         inf    0.000000
    0.580000         inf    0.000000
    0.590000         inf    0.000000
    0.600000         inf    0.000000
    0.610000         inf    0.000000
    0.620000         inf    0.000000
    0.630000         inf    0.000000
    0.640000         inf    0.000000
    0.650000         inf    0.000000
    0.660000         inf    0.000000
    0.670000         inf    0.000000
    0.680000         inf    0.000000
    0.690000         inf    0.000000
    0.700000         inf    0.000000
    0.710000         inf    0.000000
    0.720000         inf    0.000000
    0.730000         inf    0.000000
    0.740000         inf    0.000000
    0.750000         inf    0.000000
    0.760000         inf    0.000000
    0.770000         inf    0.000000
    0.780000         inf    0.000000
    0.790000         inf    0.000000
    0.800000         inf    0.000000
    0.810000         inf    0.000000
    0.820000         inf    0.000000
    0.830000         inf    0.000000
    0.840000         inf    0.000000
    0.850000         inf    0.000000
    0.860000         inf    0.000000
    0.870000         inf    0.000000
    0.880000         inf    0.000000
    0.890000         inf    0.000000
    0.900000         inf    0.000000
    0.910000         inf    0.000000
    0.920000         inf    0.000000
    0.930000         inf    0.000000
    0.940000         inf    0.000000
    0.950000         inf    0.000000
    0.960000         inf    0.000000
    0.970000         inf    0.000000
    0.980000         inf    0.000000
    0.990000         inf    0.000000
    1.000000    0.000000    1.462135
    1.010000    0.000000    1.449494
    1.020000    0.000000    1.437090
    1.030000    0.000000    1.424916
    1.040000    0.000000    1.412965
    1.050000    0.000000    1.401231
    1.060000    0.000000    1.389709
    1.070000    0.000000    1.378393
    1.080000    0.000000    1.367279
    1.090000    0.000000    1.356362
    1.100000    0.000000    1.345638
    1.110000    0.000000    1.335102
    1.120000    0.000000    1.324753
    1.130000    0.000000    1.314585
    1.140000    0.000000    1.304597
    1.150000    0.000000    1.294786
    1.160000    0.000000    1.285148
    1.170000    0.000000    1.275681
    1.180000    0.000000    1.266383
    1.190000    0.000000    1.257253
    1.200000    0.000000    1.248287
    1.210000    0.000000    1.239484
    1.220000    0.000000    1.230843
    1.230000    0.000000    1.222361
    1.240000    0.000000    1.214037
    1.250000    0.000000    1.205870
    1.260000    0.000000    1.197859
    1.270000    0.000000    1.190001
    1.280000    0.000000    1.182296
    1.290000    0.000000    1.174742
    1.300000    0.000000    1.167340
    1.310000    0.000000    1.160086
    1.320000    0.000000    1.152981
    1.330000    0.000000    1.146023
    1.340000    0.000000    1.139212
    1.350000    0.000000    1.132546
    1.360000    0.000000    1.126025
    1.370000    0.000000    1.119648
    1.380000    0.000000    1.113415
    1.390000    0.000000    1.107323
    1.400000    0.000000    1.101373
    1.410000    0.000000    1.095563
    1.420000    0.000000    1.089894
    1.430000    0.000000    1.084364
    1.440000    0.000000    1.078973
    1.450000    0.000000    1.073720
    1.460000    0.000000    1.068604
    1.470000    0.000000    1.063625
    1.480000    0.000000    1.058782
    1.490000    0.000000    1.054074
    1.500000    0.000000    1.049502
    1.510000    0.000000    1.045063
    1.520000    0.000000    1.040758
    1.530000    0.000000    1.036586
    1.540000    0.000000    1.032546
    1.550000    0.000000    1.028639
    1.560000    0.000000    1.024862
    1.570000    0.000000    1.021216
    1.580000    0.000000    1.017701
    1.590000    0.000000    1.014314
    1.600000    0.000000    1.011057
    1.610000    0.000000    1.007929
    1.620000    0.000000    1.004928
    1.630000    0.000000    1.002055
    1.640000    0.000000    0.999308
    1.650000    0.000000    0.996688
    1.660000    0.000000    0.994193
    1.670000    0.000000    0.991824
    1.680000    0.000000    0.989580
    1.690000    0.000000    0.987459
    1.700000    0.000000    0.985463
    1.710000    0.000000    0.983590
    1.720000    0.000000    0.981839
    1.730000    0.000000    0.980210
    1.740000    0.000000    0.978704
    1.750000    0.000000    0.977318
    1.760000    0.000000    0.976053
    1.770000    0.000000    0.974908
    1.780000    0.000000    0.973884
    1.790000    0.000000    0.972978
    1.800000    0.000000    0.972191
    1.810000    0.000000    0.971523
    1.820000    0.000000    0.970972
    1.830000    0.000000    0.970539
    1.840000    0.000000    0.970222
    1.850000    0.000000    0.970023
    1.860000    0.000000    0.969939
    1.870000    0.000000    0.969971
    1.880000    0.000000    0.970118
    1.890000    0.000000    0.970381
    1.900000    0.000000    0.970757
    1.910000    0.000000    0.971247
    1.920000    0.000000    0.971851
    1.930000    0.000000    0.972569
    1.940000    0.000000    0.973399
    1.950000    0.000000    0.974341
    1.960000    0.000000    0.975395
    1.970000    0.000000    0.976561
    1.980000    0.000000    0.977839
    1.990000    0.000000    0.979227
    2.000000    0.000000    0.980726
    2.010000    0.000000    0.982245
    2.020000    0.000000    0.983697
    2.030000    0.000000    0.985084
    2.040000    0.000000    0.986406
    2.050000    0.000000    0.987667
    2.060000    0.000000    0.988867
    2.070000    0.000000    0.990009
    2.080000    0.000000    0.991094
    2.090000    0.000000    0.992123
    2.100000    0.000000    0.993099
    2.110000    0.000000    0.994023
    2.120000    0.000000    0.994897
    2.130000    0.000000    0.995721
    2.140000    0.000000    0.996499
    2.150000    0.000000    0.997230
    2.160000    0.000000    0.997917
    2.170000    0.000000    0.998561
    2.180000    0.000000    0.999164
    2.190000    0.000000    0.999727
    2.200000    0.000000    1.000251
    2.210000    0.000000    1.000737
    2.220000    0.000000    1.001188
    2.230000    0.000000    1.001604
    2.240000    0.000000    1.001986
    2.250000    0.000000    1.002336
    2.260000    0.000000    1.002656
    2.270000    0.000000    1.002946
    2.280000    0.000000    1.003207
    2.290000    0.000000    1.003441
    2.300000    0.000000    1.003649
    2.310000    0.000000    1.003832
    2.320000    0.000000    1.003991
    2.330000    0.000000    1.004127
    2.340000    0.000000    1.004241
    2.350000    0.000000    1.004335
    2.360000    0.000000    1.004409
    2.370000    0.000000    1.004465
    2.380000    0.000000    1.004503
    2.390000    0.000000    1.004524
    2.400000    0.000000    1.004530
    2.410000    0.000000    1.004520
    2.420000    0.000000    1.004497
    2.430000    0.000000    1.004460
    2.440000    0.000000    1.004412
    2.450000    0.000000    1.004352
    2.460000    0.000000    1.004281
    2.470000    0.000000    1.004201
    2.480000    0.000000    1.004112
    2.490000    0.000000    1.004014
    2.500000    0.000000    1.003909
    2.510000    0.000000    1.003797
    2.520000    0.000000    1.003679
    2.530000    0.000000    1.003556
    2.540000    0.000000    1.003427
    2.550000    0.000000    1.003295
    2.560000    0.000000    1.003159
    2.570000    0.000000    1.003020
    2.580000    0.000000    1.002878
    2.590000    0.000000    1.002735
    2.600000    0.000000    1.002590
    2.610000    0.000000    1.002444
    2.620000    0.000000    1.002298
    2.630000    0.000000    1.002152
    2.640000    0.000000    1.002007
    2.650000    0.000000    1.001862
    2.660000    0.000000    1.001719
    2.670000    0.000000    1.001577
    2.680000    0.000000    1.001438
    2.690000    0.000000    1.001301
    2.700000    0.000000    1.001166
    2.710000    0.000000    1.001035
    2.720000    0.000000    1.000907
    2.730000    0.000000    1.000782
    2.740000    0.000000    1.000661
    2.750000    0.000000    1.000545
    2.760000    0.000000    1.000432
    2.770000    0.000000    1.000324
    2.780000    0.000000    1.000221
    2.790000    0.000000    1.000122
    2.800000    0.000000    1.000028
    2.810000    0.000000    0.999939
    2.820000    0.000000    0.999855
    2.830000    0.000000    0.999776
    2.840000    0.000000    0.999702
    2.850000    0.000000    0.999634
    2.860000    0.000000    0.999571
    2.870000    0.000000    0.999512
    2.880000    0.000000    0.999460
    2.890000    0.000000    0.999412
    2.900000    0.000000    0.999369
    2.910000    0.000000    0.999331
    2.920000    0.000000    0.999298
    2.930000    0.000000    0.999270
    2.940000    0.000000    0.999247
    2.950000    0.000000    0.999228
    2.960000    0.000000    0.999213
    2.970000    0.000000    0.999202
    2.980000    0.000000    0.999196
    2.990000    0.000000    0.999193
    3.000000    0.000000    0.999193
    3.010000    0.000000    0.999197
    3.020000    0.000000    0.999204
    3.030000    0.000000    0.999213
    3.040000    0.000000    0.999225
    3.050000    0.000000    0.999239
    3.060000    0.000000    0.999255
    3.070000    0.000000    0.999273
    3.080000    0.000000    0.999292
    3.090000    0.000000    0.999313
    3.100000    0.000000    0.999335
    3.110000    0.000000    0.999358
    3.120000    0.000000    0.999382
    3.130000    0.000000    0.999407
    3.140000    0.000000    0.999433
    3.150000    0.000000    0.999459
    3.160000    0.000000    0.999485
    3.170000    0.000000    0.999511
    3.180000    0.000000    0.999538
    3.190000    0.000000    0.999565
    3.200000    0.000000    0.999591
    3.210000    0.000000    0.999618
    3.220000    0.000000    0.999644
    3.230000    0.000000    0.999670
    3.240000    0.000000    0.999696
    3.250000    0.000000    0.999721
    3.260000    0.000000    0.999746
    3.270000    0.000000    0.999770
    3.280000    0.000000    0.999793
    3.290000    0.000000    0.999816
    3.300000    0.000000    0.999838
    3.310000    0.000000    0.999860
    3.320000    0.000000    0.999880
    3.330000    0.000000    0.999900
    3.340000    0.000000    0.999919
    3.350000    0.000000    0.999937
    3.360000    0.000000    0.999955
    3.370000    0.000000    0.999971
    3.380000    0.000000    0.999987
    3.390000    0.000000    1.000002
    3.400000    0.000000    1.000016
    3.410000    0.000000    1.000029
    3.420000    0.000000    1.000042
    3.430000    0.000000    1.000053
    3.440000    0.000000    1.000064
    3.450000    0.000000    1.000074
    3.460000    0.000000    1.000083
    3.470000    0.000000    1.000091
    3.480000    0.000000    1.000098
    3.490000    0.000000    1.000105
    3.500000    0.000000    1.000111
    3.510000    0.000000    1.000116
    3.520000    0.000000    1.000121
    3.530000    0.000000    1.000125
    3.540000    0.000000    1.000128
    3.550000    0.000000    1.000130
    3.560000    0.000000    1.000132
    3.570000    0.000000    1.000134
    3.580000    0.000000    1.000135
    3.590000    0.000000    1.000135
    3.600000    0.000000    1.000135
    3.610000    0.000000    1.000134
    3.620000    0.000000    1.000133
    3.630000    0.000000    1.000132
    3.640000    0.000000    1.000130
    3.650000    0.000000    1.000128
    3.660000    0.000000    1.000125
    3.670000    0.000000    1.000122
    3.680000    0.000000    1.000119
    3.690000    0.000000    1.000116
    3.700000    0.000000    1.000112
    3.710000    0.000000    1.000108
    3.720000    0.000000    1.000104
    3.730000    0.000000    1.000100
    3.740000    0.000000    1.000096
    3.750000    0.000000    1.000091
    3.760000    0.000000    1.000087
    3.770000    0.000000    1.000082
    3.780000    0.000000    1.000078
    3.790000    0.000000    1.000073
    3.800000    0.000000    1.000069
    3.810000    0.000000    1.000064
    3.820000    0.000000    1.000060
    3.830000    0.000000    1.000055
    3.840000    0.000000    1.000051
    3.850000    0.000000    1.000046
    3.860000    0.000000    1.000042
    3.870000    0.000000    1.000038
    3.880000    0.000000    1.000033
    3.890000    0.000000    1.000029
    3.900000    0.000000    1.000026
    3.910000    0.000000    1.000022
    3.920000    0.000000    1.000018
    3.930000    0.000000    1.000015
    3.940000    0.000000    1.000011
    3.950000    0.000000    1.000008
    3.960000    0.000000    1.000005
    3.970000    0.000000    1.000002
    3.980000    0.000000    1.000000
    3.990000    0.000000    0.999997
    4.000000    0.000000    0.999995
    4.010000    0.000000    0.999992
    4.020000    0.000000    0.999990
    4.030000    0.000000    0.999988
    4.040000    0.000000    0.999987
    4.050000    0.000000    0.999985
    4.060000    0.000000    0.999983
    4.070000    0.000000    0.999982
    4.080000    0.000000    0.999981
    4.090000    0.000000    0.999980
    4.100000    0.000000    0.999979
    4.110000    0.000000    0.999978
    4.120000    0.000000    0.999977
    4.130000    0.000000    0.999977
    4.140000    0.000000    0.999976
    4.150000    0.000000    0.999976
    4.160000    0.000000    0.999976
    4.170000    0.000000    0.999976
    4.180000    0.000000    0.999976
    4.190000    0.000000    0.999976
    4.200000    0.000000    0.999976
    4.210000    0.000000    0.999976
    4.220000    0.000000    0.999976
    4.230000    0.000000    0.999977
    4.240000    0.000000    0.999977
    4.250000    0.000000    0.999978
    4.260000    0.000000    0.999978
    4.270000    0.000000    0.999979
    4.280000    0.000000    0.999979
    4.290000    0.000000    0.999980
    4.300000    0.000000    0.999981
    4.310000    0.000000    0.999981
    4.320000    0.000000    0.999982
    4.330000    0.000000    0.999983
    4.340000    0.000000    0.999984
    4.350000    0.000000    0.999985
    4.360000    0.000000    0.999985
    4.370000    0.000000    0.999986
    4.380000    0.000000    0.999987
    4.390000    0.000000    0.999988
    4.400000    0.000000    0.999989
    4.410000    0.000000    0.999989
    4.420000    0.000000    0.999990
    4.430000    0.000000    0.999991
    4.440000    0.000000    0.999992
    4.450000    0.000000    0.999993
    4.460000    0.000000    0.999993
    4.470000    0.000000    0.999994
    4.480000    0.000000    0.999995
    4.490000    0.000000    0.999995
    4.500000    0.000000    0.999996
    4.510000    0.000000    0.999997
    4.520000    0.000000    0.999997
    4.530000    0.000000    0.999998
    4.540000    0.000000    0.999998
    4.550000    0.000000    0.999999
    4.560000    0.000000    1.000000
    4.570000    0.000000    1.000000
    4.580000    0.000000    1.000000
    4.590000    0.000000    1.000001
    4.600000    0.000000    1.000001
    4.610000    0.000000    1.000002
    4.620000    0.000000    1.000002
    4.630000    0.000000    1.000002
    4.640000    0.000000    1.000003
    4.650000    0.000000    1.000003
    4.660000    0.000000    1.000003
    4.670000    0.000000    1.000003
    4.680000    0.000000    1.000004
    4.690000    0.000000    1.000004
    4.700000    0.000000    1.000004
    4.710000    0.000000    1.000004
    4.720000    0.000000    1.000004
    4.730000    0.000000    1.000004
    4.740000    0.000000    1.000004
    4.750000    0.000000    1.000004
    4.760000    0.000000    1.000004
    4.770000    0.000000    1.000004
    4.780000    0.000000    1.000004
    4.790000    0.000000    1.000004
    4.800000    0.000000    1.000004
    4.810000    0.000000    1.000004
    4.820000    0.000000    1.000004
    4.830000    0.000000    1.000004
    4.840000    0.000000    1.000004
    4.850000    0.000000    1.000004
    4.860000    0.000000    1.000004
    4.870000    0.000000    1.000004
    4.880000    0.000000    1.000004
    4.890000    0.000000    1.000004
    4.900000    0.000000    1.000003
    4.910000    0.000000    1.000003
    4.920000    0.000000    1.000003
    4.930000    0.000000    1.000003
    4.940000    0.000000    1.000003
    4.950000    0.000000    1.000003
    4.960000    0.000000    1.000003
    4.970000    0.000000    1.000002
    4.980000    0.000000    1.000002
    4.990000    0.000000    1.000002
    5.000000    0.000000    1.000002
    5.010000    0.000000    1.000002
    5.020000    0.000000    1.000002
    5.030000    0.000000    1.000002
    5.040000    0.000000    1.000001
    5.050000    0.000000    1.000001
    5.060000    0.000000    1.000001
    5.070000    0.000000    1.000001
    5.080000    0.000000    1.000001
    5.090000    0.000000    1.000001
    5.100000    0.000000    1.000001
    5.110000    0.000000    1.000000
    5.120000    0.000000    1.000000
    5.130000    0.000000    1.000000
    5.140000    0.000000    1.000000
    5.150000    0.000000    1.000000
    5.160000    0.000000    1.000000
    5.170000    0.000000    1.000000
    5.180000    0.000000    1.000000
    5.190000    0.000000    1.000000
    5.200000    0.000000    1.000000
    5.210000    0.000000    1.000000
    5.220000    0.000000    1.000000
    5.230000    0.000000    1.000000
    5.240000    0.000000    0.999999
    5.250000    0.000000    0.999999
    5.260000    0.000000    0.999999
    5.270000    0.000000    0.999999
    5.280000    0.000000    0.999999
    5.290000    0.000000    0.999999
    5.300000    0.000000    0.999999
    5.310000    0.000000    0.999999
    5.320000    0.000000    0.999999
    5.330000    0.000000    0.999999
    5.340000    0.000000    0.999999
    5.350000    0.000000    0.999999
    5.360000    0.000000    0.999999
    5.370000    0.000000    0.999999
    5.380000    0.000000    0.999999
    5.390000    0.000000    0.999999
    5.400000    0.000000    0.999999
    5.410000    0.000000    0.999999
    5.420000    0.000000    0.999999
    5.430000    0.000000    0.999999
    5.440000    0.000000    0.999999
    5.450000    0.000000    0.999999
    5.460000    0.000000    0.999999
    5.470000    0.000000    0.999999
    5.480000    0.000000    0.999999
    5.490000    0.000000    0.999999
    5.500000    0.000000    0.999999
    5.510000    0.000000    0.999999
    5.520000    0.000000    0.999999
    5.530000    0.000000    0.999999
    5.540000    0.000000    1.000000
    5.550000    0.000000    1.000000
    5.560000    0.000000    1.000000
    5.570000    0.000000    1.000000
    5.580000    0.000000    1.000000
    5.590000    0.000000    1.000000
    5.600000    0.000000    1.000000
    5.610000    0.000000    1.000000
    5.620000    0.000000    1.000000
    5.630000    0.000000    1.000000
    5.640000    0.000000    1.000000
    5.650000    0.000000    1.000000
    5.660000    0.000000    1.000000
    5.670000    0.000000    1.000000
    5.680000    0.000000    1.000000
    5.690000    0.000000    1.000000
    5.700000    0.000000    1.000000
    5.710000    0.000000    1.000000
    5.720000    0.000000    1.000000
    5.730000    0.000000    1.000000
    5.740000    0.000000    1.000000
    5.750000    0.000000    1.000000
    5.760000    0.000000    1.000000
    5.770000    0.000000    1.000000
    5.780000    0.000000    1.000000
    5.790000    0.000000    1.000000
    5.800000    0.000000    1.000000
    5.810000    0.000000    1.000000
    5.820000    0.000000    1.000000
    5.830000    0.000000    1.000000
    5.840000    0.000000    1.000000
    5.850000    0.000000    1.000000
    5.860000    0.000000    1.000000
    5.870000    0.000000    1.000000
    5.880000    0.000000    1.000000
    5.890000    0.000000    1.000000
    5.900000    0.000000    1.000000
    5.910000    0.000000    1.000000
    5.920000    0.000000    1.000000
    5.930000    0.000000    1.000000
    5.940000    0.000000    1.000000
    5.950000    0.000000    1.000000
    5.960000    0.000000    1.000000
    5.970000    0.000000    1.000000
    5.980000    0.000000    1.000000
    5.990000    0.000000    1.000000
    6.000000    0.000000    1.000000
    6.010000    0.000000    1.000000
    6.020000    0.000000    1.000000
    6.030000    0.000000    1.000000
    6.040000    0.000000    1.000000
    6.050000    0.000000    1.000000
    6.060000    0.000000    1.000000
    6.070000    0.000000    1.000000
    6.080000    0.000000    1.000000
    6.090000    0.000000    1.000000
    6.100000    0.000000    1.000000
    6.110000    0.000000    1.000000
    6.120000    0.000000    1.000000
    6.130000    0.000000    1.000000
    6.140000    0.000000    1.000000
    6.150000    0.000000    1.000000
    6.160000    0.000000    1.000000
    6.170000    0.000000    1.000000
    6.180000    0.000000    1.000000
    6.190000    0.000000    1.000000
    6.200000    0.000000    1.000000
    6.210000    0.000000    1.000000
    6.220000    0.000000    1.000000
    6.230000    0.000000    1.000000
    6.240000    0.000000    1.000000
    6.250000    0.000000    1.000000
    6.260000    0.000000    1.000000
    6.270000    0.000000    1.000000
    6.280000    0.000000    1.000000
    6.290000    0.000000    1.000000
    6.300000    0.000000    1.000000
    6.310000    0.000000    1.000000
    6.320000    0.000000    1.000000
    6.330000    0.000000    1.000000
    6.340000    0.000000    1.000000
    6.350000    0.000000    1.000000
    6.360000    0.000000    1.000000
    6.370000    0.000000    1.000000
    6.380000    0.000000    1.000000
    6.390000    0.000000    1.000000
    6.400000    0.000000    1.000000
    6.410000    0.000000    1.000000
    6.420000    0.000000    1.000000
    6.430000    0.000000    1.000000
    6.440000    0.000000    1.000000
    6.450000    0.000000    1.000000
    6.460000    0.000000    1.000000
    6.470000    0.000000    1.000000
    6.480000    0.000000    1.000000
    6.490000    0.000000    1.000000
    6.500000    0.000000    1.000000
    6.510000    0.000000    1.000000
    6.520000    0.000000    1.000000
    6.530000    0.000000    1.000000
    6.540000    0.000000    1.000000
    6.550000    0.000000    1.000000
    6.560000    0.000000    1.000000
    6.570000    0.000000    1.000000
    6.580000    0.000000    1.000000
    6.590000    0.000000    1.000000
    6.600000    0.000000    1.000000
    6.610000    0.000000    1.000000
    6.620000    0.000000    1.000000
    6.630000    0.000000    1.000000
    6.640000    0.000000    1.000000
    6.650000    0.000000    1.000000
    6.660000    0.000000    1.000000
    6.670000    0.000000    1.000000
    6.680000    0.000000    1.000000
    6.690000    0.000000    1.000000
    6.700000    0.000000    1.000000
    6.710000    0.000000    1.000000
    6.720000    0.000000    1.000000
    6.730000    0.000000    1.000000
    6.740000    0.000000    1.000000
    6.750000    0.000000    1.000000
    6.760000    0.000000    1.000000
    6.770000    0.000000    1.000000
    6.780000    0.000000    1.000000
    6.790000    0.000000    1.000000
    6.800000    0.000000    1.000000
    6.810000    0.000000    1.000000
    6.820000    0.000000    1.000000
    6.830000    0.000000    1.000000
    6.840000    0.000000    1.000000
    6.850000    0.000000    1.000000
    6.860000    0.000000    1.000000
    6.870000    0.000000    1.000000
    6.880000    0.000000    1.000000
    6.890000    0.000000    1.000000
    6.900000    0.000000    1.000000
    6.910000    0.000000    1.000000
    6.920000    0.000000    1.000000
    6.930000    0.000000    1.000000
    6.940000    0.000000    1.000000
    6.950000    0.000000    1.000000
    6.960000    0.000000    1.000000
    6.970000    0.000000    1.000000
    6.980000    0.000000    1.000000
    6.990000    0.000000    1.000000
    7.000000    0.000000    1.000000
    7.010000    0.000000    1.000000
    7.020000    0.000000    1.000000
    7.030000    0.000000    1.000000
    7.040000    0.000000    1.000000
    7.050000    0.000000    1.000000
    7.060000    0.000000    1.000000
    7.070000    0.000000    1.000000
    7.080000    0.000000    1.000000
    7.090000    0.000000    1.000000
    7.100000    0.000000    1.000000
    7.110000    0.000000    1.000000
    7.120000    0.000000    1.000000
    7.130000    0.000000    1.000000
    7.140000    0.000000    1.000000
    7.150000    0.000000    1.000000
    7.160000    0.000000    1.000000
    7.170000    0.000000    1.000000
    7.180000    0.000000    1.000000
    7.190000    0.000000    1.000000
    7.200000    0.000000    1.000000
    7.210000    0.000000    1.000000
    7.220000    0.000000    1.000000
    7.230000    0.000000    1.000000
    7.240000    0.000000    1.000000
    7.250000    0.000000    1.000000
    7.260000    0.000000    1.000000
    7.270000    0.000000    1.000000
    7.280000    0.000000    1.000000
    7.290000    0.000000    1.000000
    7.300000    0.000000    1.000000
    7.310000    0.000000    1.000000
    7.320000    0.000000    1.000000
    7.330000    0.000000    1.000000
    7.340000    0.000000    1.000000
    7.350000    0.000000    1.000000
    7.360000    0.000000    1.000000
    7.370000    0.000000    1.000000
    7.380000    0.000000    1.000000
    7.390000    0.000000    1.000000
    7.400000    0.000000    1.000000
    7.410000    0.000000    1.000000
    7.420000    0.000000    1.000000
    7.430000    0.000000    1.000000
    7.440000    0.000000    1.000000
    7.450000    0.000000    1.000000
    7.460000    0.000000    1.000000
    7.470000    0.000000    1.000000
    7.480000    0.000000    1.000000
    7.490000    0.000000    1.000000
    7.500000    0.000000    1.000000
    7.510000    0.000000    1.000000
    7.520000    0.000000    1.000000
    7.530000    0.000000    1.000000
    7.540000    0.000000    1.000000
    7.550000    0.000000    1.000000
    7.560000    0.000000    1.000000
    7.570000    0.000000    1.000000
    7.580000    0.000000    1.000000
    7.590000    0.000000    1.000000
    7.600000    0.000000    1.000000
    7.610000    0.000000    1.000000
    7.620000    0.000000    1.000000
    7.630000    0.000000    1.000000
    7.640000    0.000000    1.000000
    7.650000    0.000000    1.000000
    7.660000    0.000000    1.000000
    7.670000    0.000000    1.000000
    7.680000    0.000000    1.000000
    7.690000    0.000000    1.000000
    7.700000    0.000000    1.000000
    7.710000    0.000000    1.000000
    7.720000    0.000000    1.000000
    7.730000    0.000000    1.000000
    7.740000    0.000000    1.000000
    7.750000    0.000000    1.000000
    7.760000    0.000000    1.000000
    7.770000    0.000000    1.000000
    7.780000    0.000000    1.000000
    7.790000    0.000000    1.000000
    7.800000    0.000000    1.000000
    7.810000    0.000000    1.000000
    7.820000    0.000000    1.000000
    7.830000    0.000000    1.000000
    7.840000    0.000000    1.000000
    7.850000    0.000000    1.000000
    7.860000    0.000000    1.000000
    7.870000    0.000000    1.000000
    7.880000    0.000000    1.000000
    7.890000    0.000000    1.000000
    7.900000    0.000000    1.000000
    7.910000    0.000000    1.000000
    7.920000    0.000000    1.000000
    7.930000    0.000000    1.000000
    7.940000    0.000000    1.000000
    7.950000    0.000000    1.000000
    7.960000    0.000000    1.000000
    7.970000    0.000000    1.000000
    7.980000    0.000000    1.000000
    7.990000    0.000000    1.000000
    8.000000    0.000000    1.000000
    8.010000    0.000000    1.000000
    8.020000    0.000000    1.000000
    8.030000    0.000000    1.000000
    8.040000    0.000000    1.000000
    8.050000    0.000000    1.000000
    8.060000    0.000000    1.000000
    8.070000    0.000000    1.000000
    8.080000    0.000000    1.000000
    8.090000    0.000000    1.000000
    8.100000    0.000000    1.000000
    8.110000    0.000000    1.000000
    8.120000    0.000000    1.000000
    8.130000    0.000000    1.000000
    8.140000    0.000000    1.000000
    8.150000    0.000000    1.000000
    8.160000    0.000000    1.000000
    8.170000    0.000000    1.000000
    8.180000    0.000000    1.000000
    8.190000    0.000000    1.000000
    8.200000    0.000000    1.000000
    8.210000    0.000000    1.000000
    8.220000    0.000000    1.000000
    8.230000    0.000000    1.000000
    8.240000    0.000000    1.000000
    8.250000    0.000000    1.000000
    8.260000    0.000000    1.000000
    8.270000    0.000000    1.000000
    8.280000    0.000000    1.000000
    8.290000    0.000000    1.000000
    8.300000    0.000000    1.000000
    8.310000    0.000000    1.000000
    8.320000    0.000000    1.000000
    8.330000    0.000000    1.000000
    8.340000    0.000000    1.000000
    8.350000    0.000000    1.000000
    8.360000    0.000000    1.000000
    8.370000    0.000000    1.000000
    8.380000    0.000000    1.000000
    8.390000    0.000000    1.000000
    8.400000    0.000000    1.000000
    8.410000    0.000000    1.000000
    8.420000    0.000000    1.000000
    8.430000    0.000000    1.000000
    8.440000    0.000000    1.000000
    8.450000    0.000000    1.000000
    8.460000    0.000000    1.000000
    8.470000    0.000000    1.000000
    8.480000    0.000000    1.000000
    8.490000    0.000000    1.000000
    8.500000    0.000000    1.000000
    8.510000    0.000000    1.000000
    8.520000    0.000000    1.000000
    8.530000    0.000000    1.000000
    8.540000    0.000000    1.000000
    8.550000    0.000000    1.000000
    8.560000    0.000000    1.000000
    8.570000    0.000000    1.000000
    8.580000    0.000000    1.000000
    8.590000    0.000000    1.000000
    8.600000    0.000000    1.000000
    8.610000    0.000000    1.000000
    8.620000    0.000000    1.000000
    8.630000    0.000000    1.000000
    8.640000    0.000000    1.000000
    8.650000    0.000000    1.000000
    8.660000    0.000000    1.000000
    8.670000    0.000000    1.000000
    8.680000    0.000000    1.000000
    8.690000    0.000000    1.000000
    8.700000    0.000000    1.000000
    8.710000    0.000000    1.000000
    8.720000    0.000000    1.000000
    8.730000    0.000000    1.000000
    8.740000    0.000000    1.000000
    8.750000    0.000000    1.000000
    8.760000    0.000000    1.000000
    8.770000    0.000000    1.000000
    8.780000    0.000000    1.000000
    8.790000    0.000000    1.000000
    8.800000    0.000000    1.000000
    8.810000    0.000000    1.000000
    8.820000    0.000000    1.000000
    8.830000    0.000000    1.000000
    8.840000    0.000000    1.000000
    8.850000    0.000000    1.000000
    8.860000    0.000000    1.000000
    8.870000    0.000000    1.000000
    8.880000    0.000000    1.000000
    8.890000    0.000000    1.000000
    8.900000    0.000000    1.000000
    8.910000    0.000000    1.000000
    8.920000    0.000000    1.000000
    8.930000    0.000000    1.000000
    8.940000    0.000000    1.000000
    8.950000    0.000000    1.000000
    8.960000    0.000000    1.000000
    8.970000    0.000000    1.000000
    8.980000    0.000000    1.000000
    8.990000    0.000000    1.000000
    9.000000    0.000000    1.000000
    9.010000    0.000000    1.000000
    9.020000    0.000000    1.000000
    9.030000    0.000000    1.000000
    9.040000    0.000000    1.000000
    9.050000    0.000000    1.000000
    9.060000    0.000000    1.000000
    9.070000    0.000000    1.000000
    9.080000    0.000000    1.000000
    9.090000    0.000000    1.000000
    9.100000    0.000000    1.000000
    9.110000    0.000000    1.000000
    9.120000    0.000000    1.000000
    9.130000    0.000000    1.000000
    9.140000    0.000000    1.000000
    9.150000    0.000000    1.000000
    9.160000    0.000000    1.000000
    9.170000    0.000000    1.000000
    9.180000    0.000000    1.000000
    9.190000    0.000000    1.000000
    9.200000    0.000000    1.000000
    9.210000    0.000000    1.000000
    9.220000    0.000000    1.000000
    9.230000    0.000000    1.000000
    9.240000    0.000000    1.000000
    9.250000    0.000000    1.000000
    9.260000    0.000000    1.000000
    9.270000    0.000000    1.000000
    9.280000    0.000000    1.000000
    9.290000    0.000000    1.000000
    9.300000    0.000000    1.000000
    9.310000    0.000000    1.000000
    9.320000    0.000000    1.000000
    9.330000    0.000000    1.000000
    9.340000    0.000000    1.000000
    9.350000    0.000000    1.000000
    9.360000    0.000000    1.000000
    9.370000    0.000000    1.000000
    9.380000    0.000000    1.000000
    9.390000    0.000000    1.000000
    9.400000    0.000000    1.000000
    9.410000    0.000000    1.000000
    9.420000    0.000000    1.000000
    9.430000    0.000000    1.000000
    9.440000    0.000000    1.000000
    9.450000    0.000000    1.000000
    9.460000    0.000000    1.000000
    9.470000    0.000000    1.000000
    9.480000    0.000000    1.000000
    9.490000    0.000000    1.000000
    9.500000    0.000000    1.000000
    9.510000    0.000000    1.000000
    9.520000    0.000000    1.000000
    9.530000    0.000000    1.000000
    9.540000    0.000000    1.000000
    9.550000    0.000000    1.000000
    9.560000    0.000000    1.000000
    9.570000    0.000000    1.000000
    9.580000    0.000000    1.000000
    9.590000    0.000000    1.000000
    9.600000    0.000000    1.000000
    9.610000    0.000000    1.000000
    9.620000    0.000000    1.000000
    9.630000    0.000000    1.000000
    9.640000    0.000000    1.000000
    9.650000    0.000000    1.000000
    9.660000    0.000000    1.000000
    9.670000    0.000000    1.000000
    9.680000    0.000000    1.000000
    9.690000    0.000000    1.000000
    9.700000    0.000000    1.000000
    9.710000    0.000000    1.000000
    9.720000    0.000000    1.000000
    9.730000    0.000000    1.000000
    9.740000    0.000000    1.000000
    9.750000    0.000000    1.000000
    9.760000    0.000000    1.000000
    9.770000    0.000000    1.000000
    9.780000    0.000000    1.000000
    9.790000    0.000000    1.000000
    9.800000    0.000000    1.000000
    9.810000    0.000000    1.000000
    9.820000    0.000000    1.000000
    9.830000    0.000000    1.000000
    9.840000    0.000000    1.000000
    9.850000    0.000000    1.000000
    9.860000    0.000000    1.000000
    9.870000    0.000000    1.000000
    9.880000    0.000000    1.000000
    9.890000    0.000000    1.000000
    9.900000    0.000000    1.000000
    9.910000    0.000000    1.000000
    9.920000    0.000000    1.000000
    9.930000    0.000000    1.000000
    9.940000    0.000000    1.000000
    9.950000    0.000000    1.000000
    9.960000    0.000000    1.000000
    9.970000    0.000000    1.000000
    9.980000    0.000000    1.000000
    9.990000    0.000000    1.000000
   10.000000    0.000000    1.000000
