#          r        u(r)        g(r)
    0.010000         inf    0.000000
    0.020000         inf    0.000000
    0.030000         inf    0.000000
    0.040000         inf    0.000000
    0.050000         inf    0.000000
    0.060000         inf    0.000000
    0.070000         inf    0.000000
    0.080000         inf    0.000000
    0.090000         inf    0.000000
    0.100000         inf    0.000000
    0.110000         inf    0.000000
    0.120000         inf    0.000000
    0.130000         inf    0.000000
    0.140000         inf    0.000000
    0.150000         inf    0.000000
    0.160000         inf    0.000000
    0.170000         inf    0.000000
    0.180000         inf    0.000000
    0.190000         inf    0.000000
    0.200000         inf    0.000000
    0.210000         inf    0.000000
    0.220000         inf    0.000000
    0.230000         inf    0.000000
    0.240000         inf    0.000000
    0.250000         inf    0.000000
    0.260000         inf    0.000000
    0.270000         inf    0.000000
    0.280000         inf    0.000000
    0.290000         inf    0.000000
    0.300000         inf    0.000000
    0.310000         inf    0.000000
    0.320000         inf    0.000000
    0.330000         inf    0.000000
    0.340000         inf    0.000000
    0.350000         inf    0.000000
    0.360000         inf    0.000000
    0.370000         inf    0.000000
    0.380000         inf    0.000000
    0.390000         inf    0.000000
    0.400000         inf    0.000000
    0.410000         inf    0.000000
    0.420000         inf    0.000000
    0.430000         inf    0.000000
    0.440000         inf    0.000000
    0.450000         inf    0.000000
    0.460000         inf    0.000000
    0.470000         inf    0.000000
    0.480000         inf    0.000000
    0.490000         inf    0.000000
    0.500000         inf    0.000000
    0.510000         inf    0.000000
    0.520000         inf    0.000000
    0.530000         inf    0.000000
    0.540000         inf    0.000000
    0.550000         inf    0.000000
    0.560000         inf    0.000000
    0.570000         inf    0.000000
    0.580000         inf    0.000000
    0.590000         inf    0.000000
    0.600000         inf    0.000000
    0.610000         inf    0.000000
    0.620000         inf    0.000000
    0.630000         inf    0.000000
    0.640000         inf    0.000000
    0.650000         inf    0.000000
    0.660000         inf    0.000000
    0.670000         inf    0.000000
    0.680000         inf    0.000000
    0.690000         inf    0.000000
    0.700000         inf    0.000000
    0.710000         inf    0.000000
    0.720000         inf    0.000000
    0.730000         inf    0.000000
    0.740000         inf    0.000000
    0.750000         inf    0.000000
    0.760000         inf    0.000000
    0.770000         inf    0.000000
    0.780000         inf    0.000000
    0.790000         inf    0.000000
    0.800000         inf    0.000000
    0.810000         inf    0.000000
    0.820000         inf    0.000000
    0.830000         inf    0.000000
    0.840000         inf    0.000000
    0.850000         inf    0.000000
    0.860000         inf    0.000000
    0.870000         inf    0.000000
    0.880000         inf    0.000000
    0.890000         inf    0.000000
    0.900000         inf    0.000000
    0.910000         inf    0.000000
    0.920000         inf    0.000000
    0.930000         inf    0.000000
    0.940000         inf    0.000000
    0.950000         inf    0.000000
    0.960000         inf    0.000000
    0.970000         inf    0.000000
    0.980000         inf    0.000000
    0.990000         inf    0.000000
    1.000000    0.000000    1.757812
    1.010000    0.000000    1.732271
    1.020000    0.000000    1.707461
    1.030000    0.000000    1.683342
    1.040000    0.000000    1.659882
    1.050000    0.000000    1.637048
    1.060000    0.000000    1.614812
    1.070000    0.000000    1.593147
    1.080000    0.000000    1.572032
    1.090000    0.000000    1.551442
    1.100000    0.000000    1.531360
    1.110000    0.000000    1.511766
    1.120000    0.000000    1.492645
    1.130000    0.000000    1.473981
    1.140000    0.000000    1.455760
    1.150000    0.000000    1.437970
    1.160000    0.000000    1.420599
    1.170000    0.000000    1.403635
    1.180000    0.000000    1.387070
    1.190000    0.000000    1.370894
    1.200000    0.000000    1.355097
    1.210000    0.000000    1.339673
    1.220000    0.000000    1.324614
    1.230000    0.000000    1.309912
    1.240000    0.000000    1.295563
    1.250000    0.000000    1.281558
    1.260000    0.000000    1.267893
    1.270000    0.000000    1.254563
    1.280000    0.000000    1.241562
    1.290000    0.000000    1.228886
    1.300000    0.000000    1.216529
    1.310000    0.000000    1.204488
    1.320000    0.000000    1.192759
    1.330000    0.000000    1.181337
    1.340000    0.000000    1.170218
    1.350000    0.000000    1.159400
    1.360000    0.000000    1.148879
    1.370000    0.000000    1.138650
    1.380000    0.000000    1.128712
    1.390000    0.000000    1.119060
    1.400000    0.000000    1.109692
    1.410000    0.000000    1.100604
    1.420000    0.000000    1.091794
    1.430000    0.000000    1.083258
    1.440000    0.000000    1.074995
    1.450000    0.000000    1.067000
    1.460000    0.000000    1.059272
    1.470000    0.000000    1.051808
    1.480000    0.000000    1.044605
    1.490000    0.000000    1.037660
    1.500000    0.000000    1.030972
    1.510000    0.000000    1.024537
    1.520000    0.000000    1.018353
    1.530000    0.000000    1.012418
    1.540000    0.000000    1.006729
    1.550000    0.000000    1.001284
    1.560000    0.000000    0.996080
    1.570000    0.000000    0.991115
    1.580000    0.000000    0.986388
    1.590000    0.000000    0.981895
    1.600000    0.000000    0.977634
    1.610000    0.000000    0.973604
    1.620000    0.000000    0.969801
    1.630000    0.000000    0.966224
    1.640000    0.000000    0.962871
    1.650000    0.000000    0.959740
    1.660000    0.000000    0.956828
    1.670000    0.000000    0.954133
    1.680000    0.000000    0.951653
    1.690000    0.000000    0.949387
    1.700000    0.000000    0.947332
    1.710000    0.000000    0.945486
    1.720000    0.000000    0.943848
    1.730000    0.000000    0.942414
    1.740000    0.000000    0.941185
    1.750000    0.000000    0.940156
    1.760000    0.000000    0.939328
    1.770000    0.000000    0.938697
    1.780000    0.000000    0.938262
    1.790000    0.000000    0.938021
    1.800000    0.000000    0.937973
    1.810000    0.000000    0.938115
    1.820000    0.000000    0.938446
    1.830000    0.000000    0.938965
    1.840000    0.000000    0.939669
    1.850000    0.000000    0.940557
    1.860000    0.000000    0.941627
    1.870000    0.000000    0.942878
    1.880000    0.000000    0.944308
    1.890000    0.000000    0.945916
    1.900000    0.000000    0.947699
    1.910000    0.000000    0.949658
    1.920000    0.000000    0.951789
    1.930000    0.000000    0.954092
    1.940000    0.000000    0.956565
    1.950000    0.000000    0.959207
    1.960000    0.000000    0.962017
    1.970000    0.000000    0.964993
    1.980000    0.000000    0.968134
    1.990000    0.000000    0.971438
    2.000000    0.000000    0.974905
    2.010000    0.000000    0.978349
    2.020000    0.000000    0.981592
    2.030000    0.000000    0.984640
    2.040000    0.000000    0.987501
    2.050000    0.000000    0.990182
    2.060000    0.000000    0.992690
    2.070000    0.000000    0.995031
    2.080000    0.000000    0.997212
    2.090000    0.000000    0.999239
    2.100000    0.000000    1.001118
    2.110000    0.000000    1.002855
    2.120000    0.000000    1.004456
    2.130000    0.000000    1.005926
    2.140000    0.000000    1.007271
    2.150000    0.000000    1.008496
    2.160000    0.000000    1.009606
    2.170000    0.000000    1.010606
    2.180000    0.000000    1.011501
    2.190000    0.000000    1.012296
    2.200000    0.000000    1.012996
    2.210000    0.000000    1.013604
    2.220000    0.000000    1.014126
    2.230000    0.000000    1.014566
    2.240000    0.000000    1.014928
    2.250000    0.000000    1.015215
    2.260000    0.000000    1.015433
    2.270000    0.000000    1.015584
    2.280000    0.000000    1.015672
    2.290000    0.000000    1.015702
    2.300000    0.000000    1.015677
    2.310000    0.000000    1.015600
    2.320000    0.000000    1.015474
    2.330000    0.000000    1.015303
    2.340000    0.000000    1.015090
    2.350000    0.000000    1.014837
    2.360000    0.000000    1.014549
    2.370000    0.000000    1.014228
    2.380000    0.000000    1.013876
    2.390000    0.000000    1.013497
    2.400000    0.000000    1.013092
    2.410000    0.000000    1.012665
    2.420000    0.000000    1.012218
    2.430000    0.000000    1.011753
    2.440000    0.000000    1.011273
    2.450000    0.000000    1.010779
    2.460000    0.000000    1.010274
    2.470000    0.000000    1.009760
    2.480000    0.000000    1.009239
    2.490000    0.000000    1.008713
    2.500000    0.000000    1.008183
    2.510000    0.000000    1.007651
    2.520000    0.000000    1.007119
    2.530000    0.000000    1.006588
    2.540000    0.000000    1.006061
    2.550000    0.000000    1.005537
    2.560000    0.000000    1.005020
    2.570000    0.000000    1.004509
    2.580000    0.000000    1.004006
    2.590000    0.000000    1.003513
    2.600000    0.000000    1.003030
    2.610000    0.000000    1.002558
    2.620000    0.000000    1.002099
    2.630000    0.000000    1.001653
    2.640000    0.000000    1.001221
    2.650000    0.000000    1.000803
    2.660000    0.000000    1.000401
    2.670000    0.000000    1.000015
    2.680000    0.000000    0.999646
    2.690000    0.000000    0.999293
    2.700000    0.000000    0.998958
    2.710000    0.000000    0.998641
    2.720000    0.000000    0.998342
    2.730000    0.000000    0.998062
    2.740000    0.000000    0.997800
    2.750000    0.000000    0.997557
    2.760000    0.000000    0.997333
    2.770000    0.000000    0.997128
    2.780000    0.000000    0.996941
    2.790000    0.000000    0.996774
    2.800000    0.000000    0.996625
    2.810000    0.000000    0.996495
    2.820000    0.000000    0.996384
    2.830000    0.000000    0.996290
    2.840000    0.000000    0.996215
    2.850000    0.000000    0.996156
    2.860000    0.000000    0.996115
    2.870000    0.000000    0.996090
    2.880000    0.000000    0.996082
    2.890000    0.000000    0.996089
    2.900000    0.000000    0.996110
    2.910000    0.000000    0.996147
    2.920000    0.000000    0.996196
    2.930000    0.000000    0.996259
    2.940000    0.000000    0.996334
    2.950000    0.000000    0.996420
    2.960000    0.000000    0.996517
    2.970000    0.000000    0.996624
    2.980000    0.000000    0.996739
    2.990000    0.000000    0.996862
    3.000000    0.000000    0.996992
    3.010000    0.000000    0.997127
    3.020000    0.000000    0.997268
    3.030000    0.000000    0.997412
    3.040000    0.000000    0.997559
    3.050000    0.000000    0.997708
    3.060000    0.000000    0.997858
    3.070000    0.000000    0.998009
    3.080000    0.000000    0.998159
    3.090000    0.000000    0.998309
    3.100000    0.000000    0.998458
    3.110000    0.000000    0.998605
    3.120000    0.000000    0.998750
    3.130000    0.000000    0.998891
    3.140000    0.000000    0.999030
    3.150000    0.000000    0.999165
    3.160000    0.000000    0.999297
    3.170000    0.000000    0.999424
    3.180000    0.000000    0.999547
    3.190000    0.000000    0.999666
    3.200000    0.000000    0.999779
    3.210000    0.000000    0.999888
    3.220000    0.000000    0.999992
    3.230000    0.000000    1.000090
    3.240000    0.000000    1.000183
    3.250000    0.000000    1.000271
    3.260000    0.000000    1.000354
    3.270000    0.000000    1.000431
    3.280000    0.000000    1.000503
    3.290000    0.000000    1.000569
    3.300000    0.000000    1.000631
    3.310000    0.000000    1.000687
    3.320000    0.000000    1.000738
    3.330000    0.000000    1.000783
    3.340000    0.000000    1.000824
    3.350000    0.000000    1.000860
    3.360000    0.000000    1.000891
    3.370000    0.000000    1.000917
    3.380000    0.000000    1.000939
    3.390000    0.000000    1.000957
    3.400000    0.000000    1.000970
    3.410000    0.000000    1.000979
    3.420000    0.000000    1.000985
    3.430000    0.000000    1.000986
    3.440000    0.000000    1.000984
    3.450000    0.000000    1.000979
    3.460000    0.000000    1.000971
    3.470000    0.000000    1.000959
    3.480000    0.000000    1.000945
    3.490000    0.000000    1.000928
    3.500000    0.000000    1.000908
    3.510000    0.000000    1.000886
    3.520000    0.000000    1.000862
    3.530000    0.000000    1.000836
    3.540000    0.000000    1.000808
    3.550000    0.000000    1.000779
    3.560000    0.000000    1.000748
    3.570000    0.000000    1.000716
    3.580000    0.000000    1.000683
    3.590000    0.000000    1.000649
    3.600000    0.000000    1.000615
    3.610000    0.000000    1.000579
    3.620000    0.000000    1.000544
    3.630000    0.000000    1.000507
    3.640000    0.000000    1.000471
    3.650000    0.000000    1.000435
    3.660000    0.000000    1.000399
    3.670000    0.000000    1.000363
    3.680000    0.000000    1.000327
    3.690000    0.000000    1.000292
    3.700000    0.000000    1.000257
    3.710000    0.000000    1.000223
    3.720000    0.000000    1.000189
    3.730000    0.000000    1.000157
    3.740000    0.000000    1.000125
    3.750000    0.000000    1.000094
    3.760000    0.000000    1.000065
    3.770000    0.000000    1.000036
    3.780000    0.000000    1.000009
    3.790000    0.000000    0.999983
    3.800000    0.000000    0.999958
    3.810000    0.000000    0.999934
    3.820000    0.000000    0.999912
    3.830000    0.000000    0.999891
    3.840000    0.000000    0.999871
    3.850000    0.000000    0.999853
    3.860000    0.000000    0.999836
    3.870000    0.000000    0.999821
    3.880000    0.000000    0.999806
    3.890000    0.000000    0.999794
    3.900000    0.000000    0.999782
    3.910000    0.000000    0.999772
    3.920000    0.000000    0.999763
    3.930000    0.000000    0.999756
    3.940000    0.000000    0.999750
    3.950000    0.000000    0.999745
    3.960000    0.000000    0.999741
    3.970000    0.000000    0.999738
    3.980000    0.000000    0.999736
    3.990000    0.000000    0.999736
    4.000000    0.000000    0.999736
    4.010000    0.000000    0.999738
    4.020000    0.000000    0.999740
    4.030000    0.000000    0.999743
    4.040000    0.000000    0.999747
    4.050000    0.000000    0.999752
    4.060000    0.000000    0.999757
    4.070000    0.000000    0.999763
    4.080000    0.000000    0.999770
    4.090000    0.000000    0.999777
    4.100000    0.000000    0.999785
    4.110000    0.000000    0.999793
    4.120000    0.000000    0.999801
    4.130000    0.000000    0.999810
    4.140000    0.000000    0.999819
    4.150000    0.000000    0.999828
    4.160000    0.000000    0.999838
    4.170000    0.000000    0.999847
    4.180000    0.000000    0.999857
    4.190000    0.000000    0.999867
    4.200000    0.000000    0.999877
    4.210000    0.000000    0.999887
    4.220000    0.000000    0.999896
    4.230000    0.000000    0.999906
    4.240000    0.000000    0.999916
    4.250000    0.000000    0.999925
    4.260000    0.000000    0.999934
    4.270000    0.000000    0.999943
    4.280000    0.000000    0.999952
    4.290000    0.000000    0.999961
    4.300000    0.000000    0.999969
    4.310000    0.000000    0.999977
    4.320000    0.000000    0.999985
    4.330000    0.000000    0.999993
    4.340000    0.000000    1.000000
    4.350000    0.000000    1.000007
    4.360000    0.000000    1.000013
    4.370000    0.000000    1.000019
    4.380000    0.000000    1.000025
    4.390000    0.000000    1.000031
    4.400000    0.000000    1.000036
    4.410000    0.000000    1.000040
    4.420000    0.000000    1.000045
    4.430000    0.000000    1.000049
    4.440000    0.000000    1.000052
    4.450000    0.000000    1.000056
    4.460000    0.000000    1.000059
    4.470000    0.000000    1.000061
    4.480000    0.000000    1.000063
    4.490000    0.000000    1.000065
    4.500000    0.000000    1.000067
    4.510000    0.000000    1.000068
    4.520000    0.000000    1.000069
    4.530000    0.000000    1.000070
    4.540000    0.000000    1.000070
    4.550000    0.000000    1.000071
    4.560000    0.000000    1.000070
    4.570000    0.000000    1.000070
    4.580000    0.000000    1.000069
    4.590000    0.000000    1.000069
    4.600000    0.000000    1.000068
    4.610000    0.000000    1.000066
    4.620000    0.000000    1.000065
    4.630000    0.000000    1.000063
    4.640000    0.000000    1.000062
    4.650000    0.000000    1.000060
    4.660000    0.000000    1.000058
    4.670000    0.000000    1.000056
    4.680000    0.000000    1.000053
    4.690000    0.000000    1.000051
    4.700000    0.000000    1.000049
    4.710000    0.000000    1.000046
    4.720000    0.000000    1.000044
    4.730000    0.000000    1.000041
    4.740000    0.000000    1.000038
    4.750000    0.000000    1.000036
    4.760000    0.000000    1.000033
    4.770000    0.000000    1.000030
    4.780000    0.000000    1.000028
    4.790000    0.000000    1.000025
    4.800000    0.000000    1.000023
    4.810000    0.000000    1.000020
    4.820000    0.000000    1.000018
    4.830000    0.000000    1.000015
    4.840000    0.000000    1.000013
    4.850000    0.000000    1.000010
    4.860000    0.000000    1.000008
    4.870000    0.000000    1.000006
    4.880000    0.000000    1.000004
    4.890000    0.000000    1.000002
    4.900000    0.000000    1.000000
    4.910000    0.000000    0.999998
    4.920000    0.000000    0.999996
    4.930000    0.000000    0.999995
    4.940000    0.000000    0.999993
    4.950000    0.000000    0.999991
    4.960000    0.000000    0.999990
    4.970000    0.000000    0.999989
    4.980000    0.000000    0.999988
    4.990000    0.000000    0.999987
    5.000000    0.000000    0.999986
    5.010000    0.000000    0.999985
    5.020000    0.000000    0.999984
    5.030000    0.000000    0.999983
    5.040000    0.000000    0.999983
    5.050000    0.000000    0.999982
    5.060000    0.000000    0.999982
    5.070000    0.000000    0.999981
    5.080000    0.000000    0.999981
    5.090000    0.000000    0.999981
    5.100000    0.000000    0.999981
    5.110000    0.000000    0.999981
    5.120000    0.000000    0.999981
    5.130000    0.000000    0.999981
    5.140000    0.000000    0.999981
    5.150000    0.000000    0.999981
    5.160000    0.000000    0.999982
    5.170000    0.000000    0.999982
    5.180000    0.000000    0.999982
    5.190000    0.000000    0.999983
    5.200000    0.000000    0.999983
    5.210000    0.000000    0.999984
    5.220000    0.000000    0.999984
    5.230000    0.000000    0.999985
    5.240000    0.000000    0.999985
    5.250000    0.000000    0.999986
    5.260000    0.000000    0.999987
    5.270000    0.000000    0.999987
    5.280000    0.000000    0.999988
    5.290000    0.000000    0.999989
    5.300000    0.000000    0.999990
    5.310000    0.000000    0.999990
    5.320000    0.000000    0.999991
    5.330000    0.000000    0.999992
    5.340000    0.000000    0.999992
    5.350000    0.000000    0.999993
    5.360000    0.000000    0.999994
    5.370000    0.000000    0.999995
    5.380000    0.000000    0.999995
    5.390000    0.000000    0.999996
    5.400000    0.000000    0.999997
    5.410000    0.000000    0.999997
    5.420000    0.000000    0.999998
    5.430000    0.000000    0.999998
    5.440000    0.000000    0.999999
    5.450000    0.000000    1.000000
    5.460000    0.000000    1.000000
    5.470000    0.000000    1.000001
    5.480000    0.000000    1.000001
    5.490000    0.000000    1.000002
    5.500000    0.000000    1.000002
    5.510000    0.000000    1.000002
    5.520000    0.000000    1.000003
    5.530000    0.000000    1.000003
    5.540000    0.000000    1.000003
    5.550000    0.000000    1.000004
    5.560000    0.000000    1.000004
    5.570000    0.000000    1.000004
    5.580000    0.000000    1.000004
    5.590000    0.000000    1.000005
    5.600000    0.000000    1.000005
    5.610000    0.000000    1.000005
    5.620000    0.000000    1.000005
    5.630000    0.000000    1.000005
    5.640000    0.000000    1.000005
    5.650000    0.000000    1.000005
    5.660000    0.000000    1.000005
    5.670000    0.000000    1.000005
    5.680000    0.000000    1.000005
    5.690000    0.000000    1.000005
    5.700000    0.000000    1.000005
    5.710000    0.000000    1.000005
    5.720000    0.000000    1.000005
    5.730000    0.000000    1.000005
    5.740000    0.000000    1.000005
    5.750000    0.000000    1.000005
    5.760000    0.000000    1.000005
    5.770000    0.000000    1.000004
    5.780000    0.000000    1.000004
    5.790000    0.000000    1.000004
    5.800000    0.000000    1.000004
    5.810000    0.000000    1.000004
    5.820000    0.000000    1.000004
    5.830000    0.000000    1.000003
    5.840000    0.000000    1.000003
    5.850000    0.000000    1.000003
    5.860000    0.000000    1.000003
    5.870000    0.000000    1.000003
    5.880000    0.000000    1.000002
    5.890000    0.000000    1.000002
    5.900000    0.000000    1.000002
    5.910000    0.000000    1.000002
    5.920000    0.000000    1.000002
    5.930000    0.000000    1.000001
    5.940000    0.000000    1.000001
    5.950000    0.000000    1.000001
    5.960000    0.000000    1.000001
    5.970000    0.000000    1.000001
    5.980000    0.000000    1.000001
    5.990000    0.000000    1.000000
    6.000000    0.000000    1.000000
    6.010000    0.000000    1.000000
    6.020000    0.000000    1.000000
    6.030000    0.000000    1.000000
    6.040000    0.000000    1.000000
    6.050000    0.000000    1.000000
    6.060000    0.000000    0.999999
    6.070000    0.000000    0.999999
    6.080000    0.000000    0.999999
    6.090000    0.000000    0.999999
    6.100000    0.000000    0.999999
    6.110000    0.000000    0.999999
    6.120000    0.000000    0.999999
    6.130000    0.000000    0.999999
    6.140000    0.000000    0.999999
    6.150000    0.000000    0.999999
    6.160000    0.000000    0.999999
    6.170000    0.000000    0.999999
    6.180000    0.000000    0.999999
    6.190000    0.000000    0.999999
    6.200000    0.000000    0.999999
    6.210000    0.000000    0.999999
    6.220000    0.000000    0.999999
    6.230000    0.000000    0.999999
    6.240000    0.000000    0.999999
    6.250000    0.000000    0.999999
    6.260000    0.000000    0.999999
    6.270000    0.000000    0.999999
    6.280000    0.000000    0.999999
    6.290000    0.000000    0.999999
    6.300000    0.000000    0.999999
    6.310000    0.000000    0.999999
    6.320000    0.000000    0.999999
    6.330000    0.000000    0.999999
    6.340000    0.000000    0.999999
    6.350000    0.000000    0.999999
    6.360000    0.000000    0.999999
    6.370000    0.000000    0.999999
    6.380000    0.000000    0.999999
    6.390000    0.000000    0.999999
    6.400000    0.000000    0.999999
    6.410000    0.000000    0.999999
    6.420000    0.000000    0.999999
    6.430000    0.000000    0.999999
    6.440000    0.000000    0.999999
    6.450000    0.000000    0.999999
    6.460000    0.000000    0.999999
    6.470000    0.000000    0.999999
    6.480000    0.000000    1.000000
    6.490000    0.000000    1.000000
    6.500000    0.000000    1.000000
    6.510000    0.000000    1.000000
    6.520000    0.000000    1.000000
    6.530000    0.000000    1.000000
    6.540000    0.000000    1.000000
    6.550000    0.000000    1.000000
    6.560000    0.000000    1.000000
    6.570000    0.000000    1.000000
    6.580000    0.000000    1.000000
    6.590000    0.000000    1.000000
    6.600000    0.000000    1.000000
    6.610000    0.000000    1.000000
    6.620000    0.000000    1.000000
    6.630000    0.000000    1.000000
    6.640000    0.000000    1.000000
    6.650000    0.000000    1.000000
    6.660000    0.000000    1.000000
    6.670000    0.000000    1.000000
    6.680000    0.000000    1.000000
    6.690000    0.000000    1.000000
    6.700000    0.000000    1.000000
    6.710000    0.000000    1.000000
    6.720000    0.000000    1.000000
    6.730000    0.000000    1.000000
    6.740000    0.000000    1.000000
    6.750000    0.000000    1.000000
    6.760000    0.000000    1.000000
    6.770000    0.000000    1.000000
    6.780000    0.000000    1.000000
    6.790000    0.000000    1.000000
    6.800000    0.000000    1.000000
    6.810000    0.000000    1.000000
    6.820000    0.000000    1.000000
    6.830000    0.000000    1.000000
    6.840000    0.000000    1.000000
    6.850000    0.000000    1.000000
    6.860000    0.000000    1.000000
    6.870000    0.000000    1.000000
    6.880000    0.000000    1.000000
    6.890000    0.000000    1.000000
    6.900000    0.000000    1.000000
    6.910000    0.000000    1.000000
    6.920000    0.000000    1.000000
    6.930000    0.000000    1.000000
    6.940000    0.000000    1.000000
    6.950000    0.000000    1.000000
    6.960000    0.000000    1.000000
    6.970000    0.000000    1.000000
    6.980000    0.000000    1.000000
    6.990000    0.000000    1.000000
    7.000000    0.000000    1.000000
    7.010000    0.000000    1.000000
    7.020000    0.000000    1.000000
    7.030000    0.000000    1.000000
    7.040000    0.000000    1.000000
    7.050000    0.000000    1.000000
    7.060000    0.000000    1.000000
    7.070000    0.000000    1.000000
    7.080000    0.000000    1.000000
    7.090000    0.000000    1.000000
    7.100000    0.000000    1.000000
    7.110000    0.000000    1.000000
    7.120000    0.000000    1.000000
    7.130000    0.000000    1.000000
    7.140000    0.000000    1.000000
    7.150000    0.000000    1.000000
    7.160000    0.000000    1.000000
    7.170000    0.000000    1.000000
    7.180000    0.000000    1.000000
    7.190000    0.000000    1.000000
    7.200000    0.000000    1.000000
    7.210000    0.000000    1.000000
    7.220000    0.000000    1.000000
    7.230000    0.000000    1.000000
    7.240000    0.000000    1.000000
    7.250000    0.000000    1.000000
    7.260000    0.000000    1.000000
    7.270000    0.000000    1.000000
    7.280000    0.000000    1.000000
    7.290000    0.000000    1.000000
    7.300000    0.000000    1.000000
    7.310000    0.000000    1.000000
    7.320000    0.000000    1.000000
    7.330000    0.000000    1.000000
    7.340000    0.000000    1.000000
    7.350000    0.000000    1.000000
    7.360000    0.000000    1.000000
    7.370000    0.000000    1.000000
    7.380000    0.000000    1.000000
    7.390000    0.000000    1.000000
    7.400000    0.000000    1.000000
    7.410000    0.000000    1.000000
    7.420000    0.000000    1.000000
    7.430000    0.000000    1.000000
    7.440000    0.000000    1.000000
    7.450000    0.000000    1.000000
    7.460000    0.000000    1.000000
    7.470000    0.000000    1.000000
    7.480000    0.000000    1.000000
    7.490000    0.000000    1.000000
    7.500000    0.000000    1.000000
    7.510000    0.000000    1.000000
    7.520000    0.000000    1.000000
    7.530000    0.000000    1.000000
    7.540000    0.000000    1.000000
    7.550000    0.000000    1.000000
    7.560000    0.000000    1.000000
    7.570000    0.000000    1.000000
    7.580000    0.000000    1.000000
    7.590000    0.000000    1.000000
    7.600000    0.000000    1.000000
    7.610000    0.000000    1.000000
    7.620000    0.000000    1.000000
    7.630000    0.000000    1.000000
    7.640000    0.000000    1.000000
    7.650000    0.000000    1.000000
    7.660000    0.000000    1.000000
    7.670000    0.000000    1.000000
    7.680000    0.000000    1.000000
    7.690000    0.000000    1.000000
    7.700000    0.000000    1.000000
    7.710000    0.000000    1.000000
    7.720000    0.000000    1.000000
    7.730000    0.000000    1.000000
    7.740000    0.000000    1.000000
    7.750000    0.000000    1.000000
    7.760000    0.000000    1.000000
    7.770000    0.000000    1.000000
    7.780000    0.000000    1.000000
    7.790000    0.000000    1.000000
    7.800000    0.000000    1.000000
    7.810000    0.000000    1.000000
    7.820000    0.000000    1.000000
    7.830000    0.000000    1.000000
    7.840000    0.000000    1.000000
    7.850000    0.000000    1.000000
    7.860000    0.000000    1.000000
    7.870000    0.000000    1.000000
    7.880000    0.000000    1.000000
    7.890000    0.000000    1.000000
    7.900000    0.000000    1.000000
    7.910000    0.000000    1.000000
    7.920000    0.000000    1.000000
    7.930000    0.000000    1.000000
    7.940000    0.000000    1.000000
    7.950000    0.000000    1.000000
    7.960000    0.000000    1.000000
    7.970000    0.000000    1.000000
    7.980000    0.000000    1.000000
    7.990000    0.000000    1.000000
    8.000000    0.000000    1.000000
    8.010000    0.000000    1.000000
    8.020000    0.000000    1.000000
    8.030000    0.000000    1.000000
    8.040000    0.000000    1.000000
    8.050000    0.000000    1.000000
    8.060000    0.000000    1.000000
    8.070000    0.000000    1.000000
    8.080000    0.000000    1.000000
    8.090000    0.000000    1.000000
    8.100000    0.000000    1.000000
    8.110000    0.000000    1.000000
    8.120000    0.000000    1.000000
    8.130000    0.000000    1.000000
    8.140000    0.000000    1.000000
    8.150000    0.000000    1.000000
    8.160000    0.000000    1.000000
    8.170000    0.000000    1.000000
    8.180000    0.000000    1.000000
    8.190000    0.000000    1.000000
    8.200000    0.000000    1.000000
    8.210000    0.000000    1.000000
    8.220000    0.000000    1.000000
    8.230000    0.000000    1.000000
    8.240000    0.000000    1.000000
    8.250000    0.000000    1.000000
    8.260000    0.000000    1.000000
    8.270000    0.000000    1.000000
    8.280000    0.000000    1.000000
    8.290000    0.000000    1.000000
    8.300000    0.000000    1.000000
    8.310000    0.000000    1.000000
    8.320000    0.000000    1.000000
    8.330000    0.000000    1.000000
    8.340000    0.000000    1.000000
    8.350000    0.000000    1.000000
    8.360000    0.000000    1.000000
    8.370000    0.000000    1.000000
    8.380000    0.000000    1.000000
    8.390000    0.000000    1.000000
    8.400000    0.000000    1.000000
    8.410000    0.000000    1.000000
    8.420000    0.000000    1.000000
    8.430000    0.000000    1.000000
    8.440000    0.000000    1.000000
    8.450000    0.000000    1.000000
    8.460000    0.000000    1.000000
    8.470000    0.000000    1.000000
    8.480000    0.000000    1.000000
    8.490000    0.000000    1.000000
    8.500000    0.000000    1.000000
    8.510000    0.000000    1.000000
    8.520000    0.000000    1.000000
    8.530000    0.000000    1.000000
    8.540000    0.000000    1.000000
    8.550000    0.000000    1.000000
    8.560000    0.000000    1.000000
    8.570000    0.000000    1.000000
    8.580000    0.000000    1.000000
    8.590000    0.000000    1.000000
    8.600000    0.000000    1.000000
    8.610000    0.000000    1.000000
    8.620000    0.000000    1.000000
    8.630000    0.000000    1.000000
    8.640000    0.000000    1.000000
    8.650000    0.000000    1.000000
    8.660000    0.000000    1.000000
    8.670000    0.000000    1.000000
    8.680000    0.000000    1.000000
    8.690000    0.000000    1.000000
    8.700000    0.000000    1.000000
    8.710000    0.000000    1.000000
    8.720000    0.000000    1.000000
    8.730000    0.000000    1.000000
    8.740000    0.000000    1.000000
    8.750000    0.000000    1.000000
    8.760000    0.000000    1.000000
    8.770000    0.000000    1.000000
    8.780000    0.000000    1.000000
    8.790000    0.000000    1.000000
    8.800000    0.000000    1.000000
    8.810000    0.000000    1.000000
    8.820000    0.000000    1.000000
    8.830000    0.000000    1.000000
    8.840000    0.000000    1.000000
    8.850000    0.000000    1.000000
    8.860000    0.000000    1.000000
    8.870000    0.000000    1.000000
    8.880000    0.000000    1.000000
    8.890000    0.000000    1.000000
    8.900000    0.000000    1.000000
    8.910000    0.000000    1.000000
    8.920000    0.000000    1.000000
    8.930000    0.000000    1.000000
    8.940000    0.000000    1.000000
    8.950000    0.000000    1.000000
    8.960000    0.000000    1.000000
    8.970000    0.000000    1.000000
    8.980000    0.000000    1.000000
    8.990000    0.000000    1.000000
    9.000000    0.000000    1.000000
    9.010000    0.000000    1.000000
    9.020000    0.000000    1.000000
    9.030000    0.000000    1.000000
    9.040000    0.000000    1.000000
    9.050000    0.000000    1.000000
    9.060000    0.000000    1.000000
    9.070000    0.000000    1.000000
    9.080000    0.000000    1.000000
    9.090000    0.000000    1.000000
    9.100000    0.000000    1.000000
    9.110000    0.000000    1.000000
    9.120000    0.000000    1.000000
    9.130000    0.000000    1.000000
    9.140000    0.000000    1.000000
    9.150000    0.000000    1.000000
    9.160000    0.000000    1.000000
    9.170000    0.000000    1.000000
    9.180000    0.000000    1.000000
    9.190000    0.000000    1.000000
    9.200000    0.000000    1.000000
    9.210000    0.000000    1.000000
    9.220000    0.000000    1.000000
    9.230000    0.000000    1.000000
    9.240000    0.000000    1.000000
    9.250000    0.000000    1.000000
    9.260000    0.000000    1.000000
    9.270000    0.000000    1.000000
    9.280000    0.000000    1.000000
    9.290000    0.000000    1.000000
    9.300000    0.000000    1.000000
    9.310000    0.000000    1.000000
    9.320000    0.000000    1.000000
    9.330000    0.000000    1.000000
    9.340000    0.000000    1.000000
    9.350000    0.000000    1.000000
    9.360000    0.000000    1.000000
    9.370000    0.000000    1.000000
    9.380000    0.000000    1.000000
    9.390000    0.000000    1.000000
    9.400000    0.000000    1.000000
    9.410000    0.000000    1.000000
    9.420000    0.000000    1.000000
    9.430000    0.000000    1.000000
    9.440000    0.000000    1.000000
    9.450000    0.000000    1.000000
    9.460000    0.000000    1.000000
    9.470000    0.000000    1.000000
    9.480000    0.000000    1.000000
    9.490000    0.000000    1.000000
    9.500000    0.000000    1.000000
    9.510000    0.000000    1.000000
    9.520000    0.000000    1.000000
    9.530000    0.000000    1.000000
    9.540000    0.000000    1.000000
    9.550000    0.000000    1.000000
    9.560000    0.000000    1.000000
    9.570000    0.000000    1.000000
    9.580000    0.000000    1.000000
    9.590000    0.000000    1.000000
    9.600000    0.000000    1.000000
    9.610000    0.000000    1.000000
    9.620000    0.000000    1.000000
    9.630000    0.000000    1.000000
    9.640000    0.000000    1.000000
    9.650000    0.000000    1.000000
    9.660000    0.000000    1.000000
    9.670000    0.000000    1.000000
    9.680000    0.000000    1.000000
    9.690000    0.000000    1.000000
    9.700000    0.000000    1.000000
    9.710000    0.000000    1.000000
    9.720000    0.000000    1.000000
    9.730000    0.000000    1.000000
    9.740000    0.000000    1.000000
    9.750000    0.000000    1.000000
    9.760000    0.000000    1.000000
    9.770000    0.000000    1.000000
    9.780000    0.000000    1.000000
    9.790000    0.000000    1.000000
    9.800000    0.000000    1.000000
    9.810000    0.000000    1.000000
    9.820000    0.000000    1.000000
    9.830000    0.000000    1.000000
    9.840000    0.000000    1.000000
    9.850000    0.000000    1.000000
    9.860000    0.000000    1.000000
    9.870000    0.000000    1.000000
    9.880000    0.000000    1.000000
    9.890000    0.000000    1.000000
    9.900000    0.000000    1.000000
    9.910000    0.000000    1.000000
    9.920000    0.000000    1.000000
    9.930000    0.000000    1.000000
    9.940000    0.000000    1.000000
    9.950000    0.000000    1.000000
    9.960000    0.000000    1.000000
    9.970000    0.000000    1.000000
    9.980000    0.000000    1.000000
    9.990000    0.000000    1.000000
   10.000000    0.000000    1.000000
