#          r        u(r)        g(r)
    0.010000         inf    0.000000
    0.020000         inf    0.000000
    0.030000         inf    0.000000
    0.040000         inf    0.000000
    0.050000         inf    0.000000
    0.060000         inf    0.000000
    0.070000         inf    0.000000
    0.080000         inf    0.000000
    0.090000         inf    0.000000
    0.100000         inf    0.000000
    0.110000         inf    0.000000
    0.120000         inf    0.000000
    0.130000         inf    0.000000
    0.140000         inf    0.000000
    0.150000         inf    0.000000
    0.160000         inf    0.000000
    0.170000         inf    0.000000
    0.180000         inf    0.000000
    0.190000         inf    0.000000
    0.200000         inf    0.000000
    0.210000         inf    0.000000
    0.220000         inf    0.000000
    0.230000         inf    0.000000
    0.240000         inf    0.000000
    0.250000         inf    0.000000
    0.260000         inf    0.000000
    0.270000         inf    0.000000
    0.280000         inf    0.000000
    0.290000         inf    0.000000
    0.300000         inf    0.000000
    0.310000         inf    0.000000
    0.320000         inf    0.000000
    0.330000         inf    0.000000
    0.340000         inf    0.000000
    0.350000         inf    0.000000
    0.360000         inf    0.000000
    0.370000         inf    0.000000
    0.380000         inf    0.000000
    0.390000         inf    0.000000
    0.400000         inf    0.000000
    0.410000         inf    0.000000
    0.420000         inf    0.000000
    0.430000         inf    0.000000
    0.440000         inf    0.000000
    0.450000         inf    0.000000
    0.460000         inf    0.000000
    0.470000         inf    0.000000
    0.480000         inf    0.000000
    0.490000         inf    0.000000
    0.500000         inf    0.000000
    0.510000         inf    0.000000
    0.520000         inf    0.000000
    0.530000         inf    0.000000
    0.540000         inf    0.000000
    0.550000         inf    0.000000
    0.560000         inf    0.000000
    0.570000         inf    0.000000
    0.580000         inf    0.000000
    0.590000         inf    0.000000
    0.600000         inf    0.000000
    0.610000         inf    0.000000
    0.620000         inf    0.000000
    0.630000         inf    0.000000
    0.640000         inf    0.000000
    0.650000         inf    0.000000
    0.660000         inf    0.000000
    0.670000         inf    0.000000
    0.680000         inf    0.000000
    0.690000         inf    0.000000
    0.700000         inf    0.000000
    0.710000         inf    0.000000
    0.720000         inf    0.000000
    0.730000         inf    0.000000
    0.740000         inf    0.000000
    0.750000         inf    0.000000
    0.760000         inf    0.000000
    0.770000         inf    0.000000
    0.780000         inf    0.000000
    0.790000         inf    0.000000
    0.800000         inf    0.000000
    0.810000         inf    0.000000
    0.820000         inf    0.000000
    0.830000         inf    0.000000
    0.840000         inf    0.000000
    0.850000         inf    0.000000
    0.860000         inf    0.000000
    0.870000         inf    0.000000
    0.880000         inf    0.000000
    0.890000         inf    0.000000
    0.900000         inf    0.000000
    0.910000         inf    0.000000
    0.920000         inf    0.000000
    0.930000         inf    0.000000
    0.940000         inf    0.000000
    0.950000         inf    0.000000
    0.960000         inf    0.000000
    0.970000         inf    0.000000
    0.980000         inf    0.000000
    0.990000         inf    0.000000
    1.000000    0.000000    1.232843
    1.010000    0.000000    1.227584
    1.020000    0.000000    1.222389
    1.030000    0.000000    1.217257
    1.040000    0.000000    1.212188
    1.050000    0.000000    1.207180
    1.060000    0.000000    1.202233
    1.070000    0.000000    1.197348
    1.080000    0.000000    1.192522
    1.090000    0.000000    1.187757
    1.100000    0.000000    1.183051
    1.110000    0.000000    1.178404
    1.120000    0.000000    1.173815
    1.130000    0.000000    1.169285
    1.140000    0.000000    1.164814
    1.150000    0.000000    1.160400
    1.160000    0.000000    1.156044
    1.170000    0.000000    1.151745
    1.180000    0.000000    1.147504
    1.190000    0.000000    1.143319
    1.200000    0.000000    1.139192
    1.210000    0.000000    1.135122
    1.220000    0.000000    1.131108
    1.230000    0.000000    1.127151
    1.240000    0.000000    1.123251
    1.250000    0.000000    1.119407
    1.260000    0.000000    1.115620
    1.270000    0.000000    1.111888
    1.280000    0.000000    1.108213
    1.290000    0.000000    1.104595
    1.300000    0.000000    1.101032
    1.310000    0.000000    1.097526
    1.320000    0.000000    1.094076
    1.330000    0.000000    1.090682
    1.340000    0.000000    1.087344
    1.350000    0.000000    1.084062
    1.360000    0.000000    1.080836
    1.370000    0.000000    1.077667
    1.380000    0.000000    1.074553
    1.390000    0.000000    1.071496
    1.400000    0.000000    1.068495
    1.410000    0.000000    1.065549
    1.420000    0.000000    1.062660
    1.430000    0.000000    1.059828
    1.440000    0.000000    1.057051
    1.450000    0.000000    1.054330
    1.460000    0.000000    1.051666
    1.470000    0.000000    1.049058
    1.480000    0.000000    1.046506
    1.490000    0.000000    1.044011
    1.500000    0.000000    1.041571
    1.510000    0.000000    1.039188
    1.520000    0.000000    1.036862
    1.530000    0.000000    1.034591
    1.540000    0.000000    1.032377
    1.550000    0.000000    1.030220
    1.560000    0.000000    1.028119
    1.570000    0.000000    1.026074
    1.580000    0.000000    1.024086
    1.590000    0.000000    1.022155
    1.600000    0.000000    1.020280
    1.610000    0.000000    1.018462
    1.620000    0.000000    1.016700
    1.630000    0.000000    1.014995
    1.640000    0.000000    1.013346
    1.650000    0.000000    1.011754
    1.660000    0.000000    1.010219
    1.670000    0.000000    1.008741
    1.680000    0.000000    1.007319
    1.690000    0.000000    1.005954
    1.700000    0.000000    1.004646
    1.710000    0.000000    1.003395
    1.720000    0.000000    1.002201
    1.730000    0.000000    1.001064
    1.740000    0.000000    0.999983
    1.750000    0.000000    0.998960
    1.760000    0.000000    0.997993
    1.770000    0.000000    0.997084
    1.780000    0.000000    0.996232
    1.790000    0.000000    0.995436
    1.800000    0.000000    0.994698
    1.810000    0.000000    0.994017
    1.820000    0.000000    0.993393
    1.830000    0.000000    0.992826
    1.840000    0.000000    0.992317
    1.850000    0.000000    0.991864
    1.860000    0.000000    0.991469
    1.870000    0.000000    0.991132
    1.880000    0.000000    0.990851
    1.890000    0.000000    0.990628
    1.900000    0.000000    0.990463
    1.910000    0.000000    0.990354
    1.920000    0.000000    0.990304
    1.930000    0.000000    0.990310
    1.940000    0.000000    0.990375
    1.950000    0.000000    0.990496
    1.960000    0.000000    0.990676
    1.970000    0.000000    0.990913
    1.980000    0.000000    0.991208
    1.990000    0.000000    0.991560
    2.000000    0.000000    0.991970
    2.010000    0.000000    0.992402
    2.020000    0.000000    0.992818
    2.030000    0.000000    0.993220
    2.040000    0.000000    0.993608
    2.050000    0.000000    0.993982
    2.060000    0.000000    0.994342
    2.070000    0.000000    0.994688
    2.080000    0.000000    0.995022
    2.090000    0.000000    0.995343
    2.100000    0.000000    0.995651
    2.110000    0.000000    0.995947
    2.120000    0.000000    0.996230
    2.130000    0.000000    0.996503
    2.140000    0.000000    0.996763
    2.150000    0.000000    0.997013
    2.160000    0.000000    0.997251
    2.170000    0.000000    0.997479
    2.180000    0.000000    0.997697
    2.190000    0.000000    0.997905
    2.200000    0.000000    0.998102
    2.210000    0.000000    0.998291
    2.220000    0.000000    0.998469
    2.230000    0.000000    0.998639
    2.240000    0.000000    0.998800
    2.250000    0.000000    0.998953
    2.260000    0.000000    0.999097
    2.270000    0.000000    0.999233
    2.280000    0.000000    0.999361
    2.290000    0.000000    0.999482
    2.300000    0.000000    0.999595
    2.310000    0.000000    0.999701
    2.320000    0.000000    0.999800
    2.330000    0.000000    0.999893
    2.340000    0.000000    0.999979
    2.350000    0.000000    1.000059
    2.360000    0.000000    1.000134
    2.370000    0.000000    1.000202
    2.380000    0.000000    1.000265
    2.390000    0.000000    1.000322
    2.400000    0.000000    1.000375
    2.410000    0.000000    1.000422
    2.420000    0.000000    1.000465
    2.430000    0.000000    1.000503
    2.440000    0.000000    1.000537
    2.450000    0.000000    1.000566
    2.460000    0.000000    1.000592
    2.470000    0.000000    1.000614
    2.480000    0.000000    1.000633
    2.490000    0.000000    1.000648
    2.500000    0.000000    1.000660
    2.510000    0.000000    1.000669
    2.520000    0.000000    1.000675
    2.530000    0.000000    1.000678
    2.540000    0.000000    1.000679
    2.550000    0.000000    1.000677
    2.560000    0.000000    1.000674
    2.570000    0.000000    1.000668
    2.580000    0.000000    1.000660
    2.590000    0.000000    1.000650
    2.600000    0.000000    1.000639
    2.610000    0.000000    1.000626
    2.620000    0.000000    1.000612
    2.630000    0.000000    1.000597
    2.640000    0.000000    1.000580
    2.650000    0.000000    1.000563
    2.660000    0.000000    1.000545
    2.670000    0.000000    1.000525
    2.680000    0.000000    1.000506
    2.690000    0.000000    1.000485
    2.700000    0.000000    1.000465
    2.710000    0.000000    1.000444
    2.720000    0.000000    1.000422
    2.730000    0.000000    1.000401
    2.740000    0.000000    1.000380
    2.750000    0.000000    1.000358
    2.760000    0.000000    1.000337
    2.770000    0.000000    1.000315
    2.780000    0.000000    1.000294
    2.790000    0.000000    1.000274
    2.800000    0.000000    1.000253
    2.810000    0.000000    1.000233
    2.820000    0.000000    1.000214
    2.830000    0.000000    1.000195
    2.840000    0.000000    1.000177
    2.850000    0.000000    1.000159
    2.860000    0.000000    1.000142
    2.870000    0.000000    1.000125
    2.880000    0.000000    1.000110
    2.890000    0.000000    1.000095
    2.900000    0.000000    1.000080
    2.910000    0.000000    1.000067
    2.920000    0.000000    1.000054
    2.930000    0.000000    1.000042
    2.940000    0.000000    1.000031
    2.950000    0.000000    1.000020
    2.960000    0.000000    1.000011
    2.970000    0.000000    1.000002
    2.980000    0.000000    0.999994
    2.990000    0.000000    0.999986
    3.000000    0.000000    0.999979
    3.010000    0.000000    0.999973
    3.020000    0.000000    0.999967
    3.030000    0.000000    0.999962
    3.040000    0.000000    0.999958
    3.050000    0.000000    0.999954
    3.060000    0.000000    0.999950
    3.070000    0.000000    0.999947
    3.080000    0.000000    0.999945
    3.090000    0.000000    0.999943
    3.100000    0.000000    0.999941
    3.110000    0.000000    0.999939
    3.120000    0.000000    0.999938
    3.130000    0.000000    0.999938
    3.140000    0.000000    0.999937
    3.150000    0.000000    0.999937
    3.160000    0.000000    0.999937
    3.170000    0.000000    0.999937
    3.180000    0.000000    0.999938
    3.190000    0.000000    0.999938
    3.200000    0.000000    0.999939
    3.210000    0.000000    0.999940
    3.220000    0.000000    0.999941
    3.230000    0.000000    0.999942
    3.240000    0.000000    0.999944
    3.250000    0.000000    0.999945
    3.260000    0.000000    0.999947
    3.270000    0.000000    0.999948
    3.280000    0.000000    0.999950
    3.290000    0.000000    0.999952
    3.300000    0.000000    0.999954
    3.310000    0.000000    0.999956
    3.320000    0.000000    0.999957
    3.330000    0.000000    0.999959
    3.340000    0.000000    0.999961
    3.350000    0.000000    0.999963
    3.360000    0.000000    0.999965
    3.370000    0.000000    0.999967
    3.380000    0.000000    0.999969
    3.390000    0.000000    0.999971
    3.400000    0.000000    0.999972
    3.410000    0.000000    0.999974
    3.420000    0.000000    0.999976
    3.430000    0.000000    0.999978
    3.440000    0.000000    0.999979
    3.450000    0.000000    0.999981
    3.460000    0.000000    0.999983
    3.470000    0.000000    0.999984
    3.480000    0.000000    0.999986
    3.490000    0.000000    0.999987
    3.500000    0.000000    0.999988
    3.510000    0.000000    0.999990
    3.520000    0.000000    0.999991
    3.530000    0.000000    0.999992
    3.540000    0.000000    0.999993
    3.550000    0.000000    0.999995
    3.560000    0.000000    0.999996
    3.570000    0.000000    0.999997
    3.580000    0.000000    0.999997
    3.590000    0.000000    0.999998
    3.600000    0.000000    0.999999
    3.610000    0.000000    1.000000
    3.620000    0.000000    1.000001
    3.630000    0.000000    1.000001
    3.640000    0.000000    1.000002
    3.650000    0.000000    1.000002
    3.660000    0.000000    1.000003
    3.670000    0.000000    1.000003
    3.680000    0.000000    1.000004
    3.690000    0.000000    1.000004
    3.700000    0.000000    1.000005
    3.710000    0.000000    1.000005
    3.720000    0.000000    1.000005
    3.730000    0.000000    1.000005
    3.740000    0.000000    1.000005
    3.750000    0.000000    1.000006
    3.760000    0.000000    1.000006
    3.770000    0.000000    1.000006
    3.780000    0.000000    1.000006
    3.790000    0.000000    1.000006
    3.800000    0.000000    1.000006
    3.810000    0.000000    1.000006
    3.820000    0.000000    1.000006
    3.830000    0.000000    1.000006
    3.840000    0.000000    1.000006
    3.850000    0.000000    1.000006
    3.860000    0.000000    1.000005
    3.870000    0.000000    1.000005
    3.880000    0.000000    1.000005
    3.890000    0.000000    1.000005
    3.900000    0.000000    1.000005
    3.910000    0.000000    1.000005
    3.920000    0.000000    1.000005
    3.930000    0.000000    1.000004
    3.940000    0.000000    1.000004
    3.950000    0.000000    1.000004
    3.960000    0.000000    1.000004
    3.970000    0.000000    1.000004
    3.980000    0.000000    1.000004
    3.990000    0.000000    1.000003
    4.000000    0.000000    1.000003
    4.010000    0.000000    1.000003
    4.020000    0.000000    1.000003
    4.030000    0.000000    1.000003
    4.040000    0.000000    1.000002
    4.050000    0.000000    1.000002
    4.060000    0.000000    1.000002
    4.070000    0.000000    1.000002
    4.080000    0.000000    1.000002
    4.090000    0.000000    1.000002
    4.100000    0.000000    1.000001
    4.110000    0.000000    1.000001
    4.120000    0.000000    1.000001
    4.130000    0.000000    1.000001
    4.140000    0.000000    1.000001
    4.150000    0.000000    1.000001
    4.160000    0.000000    1.000001
    4.170000    0.000000    1.000001
    4.180000    0.000000    1.000001
    4.190000    0.000000    1.000000
    4.200000    0.000000    1.000000
    4.210000    0.000000    1.000000
    4.220000    0.000000    1.000000
    4.230000    0.000000    1.000000
    4.240000    0.000000    1.000000
    4.250000    0.000000    1.000000
    4.260000    0.000000    1.000000
    4.270000    0.000000    1.000000
    4.280000    0.000000    1.000000
    4.290000    0.000000    1.000000
    4.300000    0.000000    1.000000
    4.310000    0.000000    1.000000
    4.320000    0.000000    1.000000
    4.330000    0.000000    1.000000
    4.340000    0.000000    1.000000
    4.350000    0.000000    1.000000
    4.360000    0.000000    1.000000
    4.370000    0.000000    0.999999
    4.380000    0.000000    0.999999
    4.390000    0.000000    0.999999
    4.400000    0.000000    0.999999
    4.410000    0.000000    0.999999
    4.420000    0.000000    0.999999
    4.430000    0.000000    0.999999
    4.440000    0.000000    0.999999
    4.450000    0.000000    0.999999
    4.460000    0.000000    0.999999
    4.470000    0.000000    0.999999
    4.480000    0.000000    0.999999
    4.490000    0.000000    0.999999
    4.500000    0.000000    0.999999
    4.510000    0.000000    1.000000
    4.520000    0.000000    1.000000
    4.530000    0.000000    1.000000
    4.540000    0.000000    1.000000
    4.550000    0.000000    1.000000
    4.560000    0.000000    1.000000
    4.570000    0.000000    1.000000
    4.580000    0.000000    1.000000
    4.590000    0.000000    1.000000
    4.600000    0.000000    1.000000
    4.610000    0.000000    1.000000
    4.620000    0.000000    1.000000
    4.630000    0.000000    1.000000
    4.640000    0.000000    1.000000
    4.650000    0.000000    1.000000
    4.660000    0.000000    1.000000
    4.670000    0.000000    1.000000
    4.680000    0.000000    1.000000
    4.690000    0.000000    1.000000
    4.700000    0.000000    1.000000
    4.710000    0.000000    1.000000
    4.720000    0.000000    1.000000
    4.730000    0.000000    1.000000
    4.740000    0.000000    1.000000
    4.750000    0.000000    1.000000
    4.760000    0.000000    1.000000
    4.770000    0.000000    1.000000
    4.780000    0.000000    1.000000
    4.790000    0.000000    1.000000
    4.800000    0.000000    1.000000
    4.810000    0.000000    1.000000
    4.820000    0.000000    1.000000
    4.830000    0.000000    1.000000
    4.840000    0.000000    1.000000
    4.850000    0.000000    1.000000
    4.860000    0.000000    1.000000
    4.870000    0.000000    1.000000
    4.880000    0.000000    1.000000
    4.890000    0.000000    1.000000
    4.900000    0.000000    1.000000
    4.910000    0.000000    1.000000
    4.920000    0.000000    1.000000
    4.930000    0.000000    1.000000
    4.940000    0.000000    1.000000
    4.950000    0.000000    1.000000
    4.960000    0.000000    1.000000
    4.970000    0.000000    1.000000
    4.980000    0.000000    1.000000
    4.990000    0.000000    1.000000
    5.000000    0.000000    1.000000
    5.010000    0.000000    1.000000
    5.020000    0.000000    1.000000
    5.030000    0.000000    1.000000
    5.040000    0.000000    1.000000
    5.050000    0.000000    1.000000
    5.060000    0.000000    1.000000
    5.070000    0.000000    1.000000
    5.080000    0.000000    1.000000
    5.090000    0.000000    1.000000
    5.100000    0.000000    1.000000
    5.110000    0.000000    1.000000
    5.120000    0.000000    1.000000
    5.130000    0.000000    1.000000
    5.140000    0.000000    1.000000
    5.150000    0.000000    1.000000
    5.160000    0.000000    1.000000
    5.170000    0.000000    1.000000
    5.180000    0.000000    1.000000
    5.190000    0.000000    1.000000
    5.200000    0.000000    1.000000
    5.210000    0.000000    1.000000
    5.220000    0.000000    1.000000
    5.230000    0.000000    1.000000
    5.240000    0.000000    1.000000
    5.250000    0.000000    1.000000
    5.260000    0.000000    1.000000
    5.270000    0.000000    1.000000
    5.280000    0.000000    1.000000
    5.290000    0.000000    1.000000
    5.300000    0.000000    1.000000
    5.310000    0.000000    1.000000
    5.320000    0.000000    1.000000
    5.330000    0.000000    1.000000
    5.340000    0.000000    1.000000
    5.350000    0.000000    1.000000
    5.360000    0.000000    1.000000
    5.370000    0.000000    1.000000
    5.380000    0.000000    1.000000
    5.390000    0.000000    1.000000
    5.400000    0.000000    1.000000
    5.410000    0.000000    1.000000
    5.420000    0.000000    1.000000
    5.430000    0.000000    1.000000
    5.440000    0.000000    1.000000
    5.450000    0.000000    1.000000
    5.460000    0.000000    1.000000
    5.470000    0.000000    1.000000
    5.480000    0.000000    1.000000
    5.490000    0.000000    1.000000
    5.500000    0.000000    1.000000
    5.510000    0.000000    1.000000
    5.520000    0.000000    1.000000
    5.530000    0.000000    1.000000
    5.540000    0.000000    1.000000
    5.550000    0.000000    1.000000
    5.560000    0.000000    1.000000
    5.570000    0.000000    1.000000
    5.580000    0.000000    1.000000
    5.590000    0.000000    1.000000
    5.600000    0.000000    1.000000
    5.610000    0.000000    1.000000
    5.620000    0.000000    1.000000
    5.630000    0.000000    1.000000
    5.640000    0.000000    1.000000
    5.650000    0.000000    1.000000
    5.660000    0.000000    1.000000
    5.670000    0.000000    1.000000
    5.680000    0.000000    1.000000
    5.690000    0.000000    1.000000
    5.700000    0.000000    1.000000
    5.710000    0.000000    1.000000
    5.720000    0.000000    1.000000
    5.730000    0.000000    1.000000
    5.740000    0.000000    1.000000
    5.750000    0.000000    1.000000
    5.760000    0.000000    1.000000
    5.770000    0.000000    1.000000
    5.780000    0.000000    1.000000
    5.790000    0.000000    1.000000
    5.800000    0.000000    1.000000
    5.810000    0.000000    1.000000
    5.820000    0.000000    1.000000
    5.830000    0.000000    1.000000
    5.840000    0.000000    1.000000
    5.850000    0.000000    1.000000
    5.860000    0.000000    1.000000
    5.870000    0.000000    1.000000
    5.880000    0.000000    1.000000
    5.890000    0.000000    1.000000
    5.900000    0.000000    1.000000
    5.910000    0.000000    1.000000
    5.920000    0.000000    1.000000
    5.930000    0.000000    1.000000
    5.940000    0.000000    1.000000
    5.950000    0.000000    1.000000
    5.960000    0.000000    1.000000
    5.970000    0.000000    1.000000
    5.980000    0.000000    1.000000
    5.990000    0.000000    1.000000
    6.000000    0.000000    1.000000
    6.010000    0.000000    1.000000
    6.020000    0.000000    1.000000
    6.030000    0.000000    1.000000
    6.040000    0.000000    1.000000
    6.050000    0.000000    1.000000
    6.060000    0.000000    1.000000
    6.070000    0.000000    1.000000
    6.080000    0.000000    1.000000
    6.090000    0.000000    1.000000
    6.100000    0.000000    1.000000
    6.110000    0.000000    1.000000
    6.120000    0.000000    1.000000
    6.130000    0.000000    1.000000
    6.140000    0.000000    1.000000
    6.150000    0.000000    1.000000
    6.160000    0.000000    1.000000
    6.170000    0.000000    1.000000
    6.180000    0.000000    1.000000
    6.190000    0.000000    1.000000
    6.200000    0.000000    1.000000
    6.210000    0.000000    1.000000
    6.220000    0.000000    1.000000
    6.230000    0.000000    1.000000
    6.240000    0.000000    1.000000
    6.250000    0.000000    1.000000
    6.260000    0.000000    1.000000
    6.270000    0.000000    1.000000
    6.280000    0.000000    1.000000
    6.290000    0.000000    1.000000
    6.300000    0.000000    1.000000
    6.310000    0.000000    1.000000
    6.320000    0.000000    1.000000
    6.330000    0.000000    1.000000
    6.340000    0.000000    1.000000
    6.350000    0.000000    1.000000
    6.360000    0.000000    1.000000
    6.370000    0.000000    1.000000
    6.380000    0.000000    1.000000
    6.390000    0.000000    1.000000
    6.400000    0.000000    1.000000
    6.410000    0.000000    1.000000
    6.420000    0.000000    1.000000
    6.430000    0.000000    1.000000
    6.440000    0.000000    1.000000
    6.450000    0.000000    1.000000
    6.460000    0.000000    1.000000
    6.470000    0.000000    1.000000
    6.480000    0.000000    1.000000
    6.490000    0.000000    1.000000
    6.500000    0.000000    1.000000
    6.510000    0.000000    1.000000
    6.520000    0.000000    1.000000
    6.530000    0.000000    1.000000
    6.540000    0.000000    1.000000
    6.550000    0.000000    1.000000
    6.560000    0.000000    1.000000
    6.570000    0.000000    1.000000
    6.580000    0.000000    1.000000
    6.590000    0.000000    1.000000
    6.600000    0.000000    1.000000
    6.610000    0.000000    1.000000
    6.620000    0.000000    1.000000
    6.630000    0.000000    1.000000
    6.640000    0.000000    1.000000
    6.650000    0.000000    1.000000
    6.660000    0.000000    1.000000
    6.670000    0.000000    1.000000
    6.680000    0.000000    1.000000
    6.690000    0.000000    1.000000
    6.700000    0.000000    1.000000
    6.710000    0.000000    1.000000
    6.720000    0.000000    1.000000
    6.730000    0.000000    1.000000
    6.740000    0.000000    1.000000
    6.750000    0.000000    1.000000
    6.760000    0.000000    1.000000
    6.770000    0.000000    1.000000
    6.780000    0.000000    1.000000
    6.790000    0.000000    1.000000
    6.800000    0.000000    1.000000
    6.810000    0.000000    1.000000
    6.820000    0.000000    1.000000
    6.830000    0.000000    1.000000
    6.840000    0.000000    1.000000
    6.850000    0.000000    1.000000
    6.860000    0.000000    1.000000
    6.870000    0.000000    1.000000
    6.880000    0.000000    1.000000
    6.890000    0.000000    1.000000
    6.900000    0.000000    1.000000
    6.910000    0.000000    1.000000
    6.920000    0.000000    1.000000
    6.930000    0.000000    1.000000
    6.940000    0.000000    1.000000
    6.950000    0.000000    1.000000
    6.960000    0.000000    1.000000
    6.970000    0.000000    1.000000
    6.980000    0.000000    1.000000
    6.990000    0.000000    1.000000
    7.000000    0.000000    1.000000
    7.010000    0.000000    1.000000
    7.020000    0.000000    1.000000
    7.030000    0.000000    1.000000
    7.040000    0.000000    1.000000
    7.050000    0.000000    1.000000
    7.060000    0.000000    1.000000
    7.070000    0.000000    1.000000
    7.080000    0.000000    1.000000
    7.090000    0.000000    1.000000
    7.100000    0.000000    1.000000
    7.110000    0.000000    1.000000
    7.120000    0.000000    1.000000
    7.130000    0.000000    1.000000
    7.140000    0.000000    1.000000
    7.150000    0.000000    1.000000
    7.160000    0.000000    1.000000
    7.170000    0.000000    1.000000
    7.180000    0.000000    1.000000
    7.190000    0.000000    1.000000
    7.200000    0.000000    1.000000
    7.210000    0.000000    1.000000
    7.220000    0.000000    1.000000
    7.230000    0.000000    1.000000
    7.240000    0.000000    1.000000
    7.250000    0.000000    1.000000
    7.260000    0.000000    1.000000
    7.270000    0.000000    1.000000
    7.280000    0.000000    1.000000
    7.290000    0.000000    1.000000
    7.300000    0.000000    1.000000
    7.310000    0.000000    1.000000
    7.320000    0.000000    1.000000
    7.330000    0.000000    1.000000
    7.340000    0.000000    1.000000
    7.350000    0.000000    1.000000
    7.360000    0.000000    1.000000
    7.370000    0.000000    1.000000
    7.380000    0.000000    1.000000
    7.390000    0.000000    1.000000
    7.400000    0.000000    1.000000
    7.410000    0.000000    1.000000
    7.420000    0.000000    1.000000
    7.430000    0.000000    1.000000
    7.440000    0.000000    1.000000
    7.450000    0.000000    1.000000
    7.460000    0.000000    1.000000
    7.470000    0.000000    1.000000
    7.480000    0.000000    1.000000
    7.490000    0.000000    1.000000
    7.500000    0.000000    1.000000
    7.510000    0.000000    1.000000
    7.520000    0.000000    1.000000
    7.530000    0.000000    1.000000
    7.540000    0.000000    1.000000
    7.550000    0.000000    1.000000
    7.560000    0.000000    1.000000
    7.570000    0.000000    1.000000
    7.580000    0.000000    1.000000
    7.590000    0.000000    1.000000
    7.600000    0.000000    1.000000
    7.610000    0.000000    1.000000
    7.620000    0.000000    1.000000
    7.630000    0.000000    1.000000
    7.640000    0.000000    1.000000
    7.650000    0.000000    1.000000
    7.660000    0.000000    1.000000
    7.670000    0.000000    1.000000
    7.680000    0.000000    1.000000
    7.690000    0.000000    1.000000
    7.700000    0.000000    1.000000
    7.710000    0.000000    1.000000
    7.720000    0.000000    1.000000
    7.730000    0.000000    1.000000
    7.740000    0.000000    1.000000
    7.750000    0.000000    1.000000
    7.760000    0.000000    1.000000
    7.770000    0.000000    1.000000
    7.780000    0.000000    1.000000
    7.790000    0.000000    1.000000
    7.800000    0.000000    1.000000
    7.810000    0.000000    1.000000
    7.820000    0.000000    1.000000
    7.830000    0.000000    1.000000
    7.840000    0.000000    1.000000
    7.850000    0.000000    1.000000
    7.860000    0.000000    1.000000
    7.870000    0.000000    1.000000
    7.880000    0.000000    1.000000
    7.890000    0.000000    1.000000
    7.900000    0.000000    1.000000
    7.910000    0.000000    1.000000
    7.920000    0.000000    1.000000
    7.930000    0.000000    1.000000
    7.940000    0.000000    1.000000
    7.950000    0.000000    1.000000
    7.960000    0.000000    1.000000
    7.970000    0.000000    1.000000
    7.980000    0.000000    1.000000
    7.990000    0.000000    1.000000
    8.000000    0.000000    1.000000
    8.010000    0.000000    1.000000
    8.020000    0.000000    1.000000
    8.030000    0.000000    1.000000
    8.040000    0.000000    1.000000
    8.050000    0.000000    1.000000
    8.060000    0.000000    1.000000
    8.070000    0.000000    1.000000
    8.080000    0.000000    1.000000
    8.090000    0.000000    1.000000
    8.100000    0.000000    1.000000
    8.110000    0.000000    1.000000
    8.120000    0.000000    1.000000
    8.130000    0.000000    1.000000
    8.140000    0.000000    1.000000
    8.150000    0.000000    1.000000
    8.160000    0.000000    1.000000
    8.170000    0.000000    1.000000
    8.180000    0.000000    1.000000
    8.190000    0.000000    1.000000
    8.200000    0.000000    1.000000
    8.210000    0.000000    1.000000
    8.220000    0.000000    1.000000
    8.230000    0.000000    1.000000
    8.240000    0.000000    1.000000
    8.250000    0.000000    1.000000
    8.260000    0.000000    1.000000
    8.270000    0.000000    1.000000
    8.280000    0.000000    1.000000
    8.290000    0.000000    1.000000
    8.300000    0.000000    1.000000
    8.310000    0.000000    1.000000
    8.320000    0.000000    1.000000
    8.330000    0.000000    1.000000
    8.340000    0.000000    1.000000
    8.350000    0.000000    1.000000
    8.360000    0.000000    1.000000
    8.370000    0.000000    1.000000
    8.380000    0.000000    1.000000
    8.390000    0.000000    1.000000
    8.400000    0.000000    1.000000
    8.410000    0.000000    1.000000
    8.420000    0.000000    1.000000
    8.430000    0.000000    1.000000
    8.440000    0.000000    1.000000
    8.450000    0.000000    1.000000
    8.460000    0.000000    1.000000
    8.470000    0.000000    1.000000
    8.480000    0.000000    1.000000
    8.490000    0.000000    1.000000
    8.500000    0.000000    1.000000
    8.510000    0.000000    1.000000
    8.520000    0.000000    1.000000
    8.530000    0.000000    1.000000
    8.540000    0.000000    1.000000
    8.550000    0.000000    1.000000
    8.560000    0.000000    1.000000
    8.570000    0.000000    1.000000
    8.580000    0.000000    1.000000
    8.590000    0.000000    1.000000
    8.600000    0.000000    1.000000
    8.610000    0.000000    1.000000
    8.620000    0.000000    1.000000
    8.630000    0.000000    1.000000
    8.640000    0.000000    1.000000
    8.650000    0.000000    1.000000
    8.660000    0.000000    1.000000
    8.670000    0.000000    1.000000
    8.680000    0.000000    1.000000
    8.690000    0.000000    1.000000
    8.700000    0.000000    1.000000
    8.710000    0.000000    1.000000
    8.720000    0.000000    1.000000
    8.730000    0.000000    1.000000
    8.740000    0.000000    1.000000
    8.750000    0.000000    1.000000
    8.760000    0.000000    1.000000
    8.770000    0.000000    1.000000
    8.780000    0.000000    1.000000
    8.790000    0.000000    1.000000
    8.800000    0.000000    1.000000
    8.810000    0.000000    1.000000
    8.820000    0.000000    1.000000
    8.830000    0.000000    1.000000
    8.840000    0.000000    1.000000
    8.850000    0.000000    1.000000
    8.860000    0.000000    1.000000
    8.870000    0.000000    1.000000
    8.880000    0.000000    1.000000
    8.890000    0.000000    1.000000
    8.900000    0.000000    1.000000
    8.910000    0.000000    1.000000
    8.920000    0.000000    1.000000
    8.930000    0.000000    1.000000
    8.940000    0.000000    1.000000
    8.950000    0.000000    1.000000
    8.960000    0.000000    1.000000
    8.970000    0.000000    1.000000
    8.980000    0.000000    1.000000
    8.990000    0.000000    1.000000
    9.000000    0.000000    1.000000
    9.010000    0.000000    1.000000
    9.020000    0.000000    1.000000
    9.030000    0.000000    1.000000
    9.040000    0.000000    1.000000
    9.050000    0.000000    1.000000
    9.060000    0.000000    1.000000
    9.070000    0.000000    1.000000
    9.080000    0.000000    1.000000
    9.090000    0.000000    1.000000
    9.100000    0.000000    1.000000
    9.110000    0.000000    1.000000
    9.120000    0.000000    1.000000
    9.130000    0.000000    1.000000
    9.140000    0.000000    1.000000
    9.150000    0.000000    1.000000
    9.160000    0.000000    1.000000
    9.170000    0.000000    1.000000
    9.180000    0.000000    1.000000
    9.190000    0.000000    1.000000
    9.200000    0.000000    1.000000
    9.210000    0.000000    1.000000
    9.220000    0.000000    1.000000
    9.230000    0.000000    1.000000
    9.240000    0.000000    1.000000
    9.250000    0.000000    1.000000
    9.260000    0.000000    1.000000
    9.270000    0.000000    1.000000
    9.280000    0.000000    1.000000
    9.290000    0.000000    1.000000
    9.300000    0.000000    1.000000
    9.310000    0.000000    1.000000
    9.320000    0.000000    1.000000
    9.330000    0.000000    1.000000
    9.340000    0.000000    1.000000
    9.350000    0.000000    1.000000
    9.360000    0.000000    1.000000
    9.370000    0.000000    1.000000
    9.380000    0.000000    1.000000
    9.390000    0.000000    1.000000
    9.400000    0.000000    1.000000
    9.410000    0.000000    1.000000
    9.420000    0.000000    1.000000
    9.430000    0.000000    1.000000
    9.440000    0.000000    1.000000
    9.450000    0.000000    1.000000
    9.460000    0.000000    1.000000
    9.470000    0.000000    1.000000
    9.480000    0.000000    1.000000
    9.490000    0.000000    1.000000
    9.500000    0.000000    1.000000
    9.510000    0.000000    1.000000
    9.520000    0.000000    1.000000
    9.530000    0.000000    1.000000
    9.540000    0.000000    1.000000
    9.550000    0.000000    1.000000
    9.560000    0.000000    1.000000
    9.570000    0.000000    1.000000
    9.580000    0.000000    1.000000
    9.590000    0.000000    1.000000
    9.600000    0.000000    1.000000
    9.610000    0.000000    1.000000
    9.620000    0.000000    1.000000
    9.630000    0.000000    1.000000
    9.640000    0.000000    1.000000
    9.650000    0.000000    1.000000
    9.660000    0.000000    1.000000
    9.670000    0.000000    1.000000
    9.680000    0.000000    1.000000
    9.690000    0.000000    1.000000
    9.700000    0.000000    1.000000
    9.710000    0.000000    1.000000
    9.720000    0.000000    1.000000
    9.730000    0.000000    1.000000
    9.740000    0.000000    1.000000
    9.750000    0.000000    1.000000
    9.760000    0.000000    1.000000
    9.770000    0.000000    1.000000
    9.780000    0.000000    1.000000
    9.790000    0.000000    1.000000
    9.800000    0.000000    1.000000
    9.810000    0.000000    1.000000
    9.820000    0.000000    1.000000
    9.830000    0.000000    1.000000
    9.840000    0.000000    1.000000
    9.850000    0.000000    1.000000
    9.860000    0.000000    1.000000
    9.870000    0.000000    1.000000
    9.880000    0.000000    1.000000
    9.890000    0.000000    1.000000
    9.900000    0.000000    1.000000
    9.910000    0.000000    1.000000
    9.920000    0.000000    1.000000
    9.930000    0.000000    1.000000
    9.940000    0.000000    1.000000
    9.950000    0.000000    1.000000
    9.960000    0.000000    1.000000
    9.970000    0.000000    1.000000
    9.980000    0.000000    1.000000
    9.990000    0.000000    1.000000
   10.000000    0.000000    1.000000
