#          r        u(r)        g(r)
    0.010000         inf    0.000000
    0.020000         inf    0.000000
    0.030000         inf    0.000000
    0.040000         inf    0.000000
    0.050000         inf    0.000000
    0.060000         inf    0.000000
    0.070000         inf    0.000000
    0.080000         inf    0.000000
    0.090000         inf    0.000000
    0.100000         inf    0.000000
    0.110000         inf    0.000000
    0.120000         inf    0.000000
    0.130000         inf    0.000000
    0.140000         inf    0.000000
    0.150000         inf    0.000000
    0.160000         inf    0.000000
    0.170000         inf    0.000000
    0.180000         inf    0.000000
    0.190000         inf    0.000000
    0.200000         inf    0.000000
    0.210000         inf    0.000000
    0.220000         inf    0.000000
    0.230000         inf    0.000000
    0.240000         inf    0.000000
    0.250000         inf    0.000000
    0.260000         inf    0.000000
    0.270000         inf    0.000000
    0.280000         inf    0.000000
    0.290000         inf    0.000000
    0.300000         inf    0.000000
    0.310000         inf    0.000000
    0.320000         inf    0.000000
    0.330000         inf    0.000000
    0.340000         inf    0.000000
    0.350000         inf    0.000000
    0.360000         inf    0.000000
    0.370000         inf    0.000000
    0.380000         inf    0.000000
    0.390000         inf    0.000000
    0.400000         inf    0.000000
    0.410000         inf    0.000000
    0.420000         inf    0.000000
    0.430000         inf    0.000000
    0.440000         inf    0.000000
    0.450000         inf    0.000000
    0.460000         inf    0.000000
    0.470000         inf    0.000000
    0.480000         inf    0.000000
    0.490000         inf    0.000000
    0.500000         inf    0.000000
    0.510000         inf    0.000000
    0.520000         inf    0.000000
    0.530000         inf    0.000000
    0.540000         inf    0.000000
    0.550000         inf    0.000000
    0.560000         inf    0.000000
    0.570000         inf    0.000000
    0.580000         inf    0.000000
    0.590000         inf    0.000000
    0.600000         inf    0.000000
    0.610000         inf    0.000000
    0.620000         inf    0.000000
    0.630000         inf    0.000000
    0.640000         inf    0.000000
    0.650000         inf    0.000000
    0.660000         inf    0.000000
    0.670000         inf    0.000000
    0.680000         inf    0.000000
    0.690000         inf    0.000000
    0.700000         inf    0.000000
    0.710000         inf    0.000000
    0.720000         inf    0.000000
    0.730000         inf    0.000000
    0.740000         inf    0.000000
    0.750000         inf    0.000000
    0.760000         inf    0.000000
    0.770000         inf    0.000000
    0.780000         inf    0.000000
    0.790000         inf    0.000000
    0.800000         inf    0.000000
    0.810000         inf    0.000000
    0.820000         inf    0.000000
    0.830000         inf    0.000000
    0.840000         inf    0.000000
    0.850000         inf    0.000000
    0.860000         inf    0.000000
    0.870000         inf    0.000000
    0.880000         inf    0.000000
    0.890000         inf    0.000000
    0.900000         inf    0.000000
    0.910000         inf    0.000000
    0.920000         inf    0.000000
    0.930000         inf    0.000000
    0.940000         inf    0.000000
    0.950000         inf    0.000000
    0.960000         inf    0.000000
    0.970000         inf    0.000000
    0.980000         inf    0.000000
    0.990000         inf    0.000000
    1.000000    0.000000    1.303155
    1.010000    0.000000    1.295870
    1.020000    0.000000    1.288688
    1.030000    0.000000    1.281606
    1.040000    0.000000    1.274623
    1.050000    0.000000    1.267737
    1.060000    0.000000    1.260947
    1.070000    0.000000    1.254252
    1.080000    0.000000    1.247651
    1.090000    0.000000    1.241142
    1.100000    0.000000    1.234724
    1.110000    0.000000    1.228397
    1.120000    0.000000    1.222159
    1.130000    0.000000    1.216009
    1.140000    0.000000    1.209948
    1.150000    0.000000    1.203974
    1.160000    0.000000    1.198086
    1.170000    0.000000    1.192284
    1.180000    0.000000    1.186568
    1.190000    0.000000    1.180937
    1.200000    0.000000    1.175390
    1.210000    0.000000    1.169927
    1.220000    0.000000    1.164547
    1.230000    0.000000    1.159251
    1.240000    0.000000    1.154038
    1.250000    0.000000    1.148907
    1.260000    0.000000    1.143858
    1.270000    0.000000    1.138891
    1.280000    0.000000    1.134006
    1.290000    0.000000    1.129203
    1.300000    0.000000    1.124480
    1.310000    0.000000    1.119839
    1.320000    0.000000    1.115278
    1.330000    0.000000    1.110797
    1.340000    0.000000    1.106398
    1.350000    0.000000    1.102078
    1.360000    0.000000    1.097838
    1.370000    0.000000    1.093678
    1.380000    0.000000    1.089598
    1.390000    0.000000    1.085598
    1.400000    0.000000    1.081677
    1.410000    0.000000    1.077835
    1.420000    0.000000    1.074072
    1.430000    0.000000    1.070389
    1.440000    0.000000    1.066784
    1.450000    0.000000    1.063259
    1.460000    0.000000    1.059812
    1.470000    0.000000    1.056443
    1.480000    0.000000    1.053154
    1.490000    0.000000    1.049942
    1.500000    0.000000    1.046810
    1.510000    0.000000    1.043755
    1.520000    0.000000    1.040778
    1.530000    0.000000    1.037880
    1.540000    0.000000    1.035060
    1.550000    0.000000    1.032317
    1.560000    0.000000    1.029652
    1.570000    0.000000    1.027065
    1.580000    0.000000    1.024556
    1.590000    0.000000    1.022124
    1.600000    0.000000    1.019770
    1.610000    0.000000    1.017493
    1.620000    0.000000    1.015293
    1.630000    0.000000    1.013171
    1.640000    0.000000    1.011126
    1.650000    0.000000    1.009158
    1.660000    0.000000    1.007267
    1.670000    0.000000    1.005452
    1.680000    0.000000    1.003715
    1.690000    0.000000    1.002054
    1.700000    0.000000    1.000470
    1.710000    0.000000    0.998963
    1.720000    0.000000    0.997532
    1.730000    0.000000    0.996178
    1.740000    0.000000    0.994900
    1.750000    0.000000    0.993698
    1.760000    0.000000    0.992573
    1.770000    0.000000    0.991523
    1.780000    0.000000    0.990550
    1.790000    0.000000    0.989653
    1.800000    0.000000    0.988832
    1.810000    0.000000    0.988087
    1.820000    0.000000    0.987417
    1.830000    0.000000    0.986823
    1.840000    0.000000    0.986305
    1.850000    0.000000    0.985863
    1.860000    0.000000    0.985496
    1.870000    0.000000    0.985205
    1.880000    0.000000    0.984989
    1.890000    0.000000    0.984848
    1.900000    0.000000    0.984783
    1.910000    0.000000    0.984793
    1.920000    0.000000    0.984878
    1.930000    0.000000    0.985038
    1.940000    0.000000    0.985273
    1.950000    0.000000    0.985584
    1.960000    0.000000    0.985969
    1.970000    0.000000    0.986430
    1.980000    0.000000    0.986965
    1.990000    0.000000    0.987575
    2.000000    0.000000    0.988260
    2.010000    0.000000    0.988969
    2.020000    0.000000    0.989651
    2.030000    0.000000    0.990307
    2.040000    0.000000    0.990938
    2.050000    0.000000    0.991545
    2.060000    0.000000    0.992127
    2.070000    0.000000    0.992685
    2.080000    0.000000    0.993220
    2.090000    0.000000    0.993733
    2.100000    0.000000    0.994224
    2.110000    0.000000    0.994693
    2.120000    0.000000    0.995141
    2.130000    0.000000    0.995570
    2.140000    0.000000    0.995978
    2.150000    0.000000    0.996367
    2.160000    0.000000    0.996737
    2.170000    0.000000    0.997089
    2.180000    0.000000    0.997423
    2.190000    0.000000    0.997739
    2.200000    0.000000    0.998039
    2.210000    0.000000    0.998323
    2.220000    0.000000    0.998590
    2.230000    0.000000    0.998843
    2.240000    0.000000    0.999080
    2.250000    0.000000    0.999304
    2.260000    0.000000    0.999513
    2.270000    0.000000    0.999708
    2.280000    0.000000    0.999891
    2.290000    0.000000    1.000061
    2.300000    0.000000    1.000219
    2.310000    0.000000    1.000365
    2.320000    0.000000    1.000500
    2.330000    0.000000    1.000623
    2.340000    0.000000    1.000737
    2.350000    0.000000    1.000840
    2.360000    0.000000    1.000934
    2.370000    0.000000    1.001018
    2.380000    0.000000    1.001093
    2.390000    0.000000    1.001160
    2.400000    0.000000    1.001219
    2.410000    0.000000    1.001270
    2.420000    0.000000    1.001313
    2.430000    0.000000    1.001349
    2.440000    0.000000    1.001379
    2.450000    0.000000    1.001402
    2.460000    0.000000    1.001420
    2.470000    0.000000    1.001431
    2.480000    0.000000    1.001437
    2.490000    0.000000    1.001438
    2.500000    0.000000    1.001434
    2.510000    0.000000    1.001426
    2.520000    0.000000    1.001413
    2.530000    0.000000    1.001397
    2.540000    0.000000    1.001377
    2.550000    0.000000    1.001354
    2.560000    0.000000    1.001327
    2.570000    0.000000    1.001298
    2.580000    0.000000    1.001266
    2.590000    0.000000    1.001232
    2.600000    0.000000    1.001196
    2.610000    0.000000    1.001158
    2.620000    0.000000    1.001118
    2.630000    0.000000    1.001077
    2.640000    0.000000    1.001035
    2.650000    0.000000    1.000991
    2.660000    0.000000    1.000947
    2.670000    0.000000    1.000902
    2.680000    0.000000    1.000857
    2.690000    0.000000    1.000811
    2.700000    0.000000    1.000766
    2.710000    0.000000    1.000720
    2.720000    0.000000    1.000675
    2.730000    0.000000    1.000630
    2.740000    0.000000    1.000585
    2.750000    0.000000    1.000541
    2.760000    0.000000    1.000498
    2.770000    0.000000    1.000456
    2.780000    0.000000    1.000415
    2.790000    0.000000    1.000374
    2.800000    0.000000    1.000335
    2.810000    0.000000    1.000297
    2.820000    0.000000    1.000260
    2.830000    0.000000    1.000225
    2.840000    0.000000    1.000191
    2.850000    0.000000    1.000158
    2.860000    0.000000    1.000128
    2.870000    0.000000    1.000098
    2.880000    0.000000    1.000070
    2.890000    0.000000    1.000044
    2.900000    0.000000    1.000020
    2.910000    0.000000    0.999997
    2.920000    0.000000    0.999975
    2.930000    0.000000    0.999956
    2.940000    0.000000    0.999938
    2.950000    0.000000    0.999921
    2.960000    0.000000    0.999906
    2.970000    0.000000    0.999893
    2.980000    0.000000    0.999881
    2.990000    0.000000    0.999870
    3.000000    0.000000    0.999861
    3.010000    0.000000    0.999853
    3.020000    0.000000    0.999846
    3.030000    0.000000    0.999840
    3.040000    0.000000    0.999835
    3.050000    0.000000    0.999831
    3.060000    0.000000    0.999829
    3.070000    0.000000    0.999827
    3.080000    0.000000    0.999825
    3.090000    0.000000    0.999825
    3.100000    0.000000    0.999825
    3.110000    0.000000    0.999826
    3.120000    0.000000    0.999827
    3.130000    0.000000    0.999829
    3.140000    0.000000    0.999832
    3.150000    0.000000    0.999835
    3.160000    0.000000    0.999838
    3.170000    0.000000    0.999842
    3.180000    0.000000    0.999846
    3.190000    0.000000    0.999850
    3.200000    0.000000    0.999854
    3.210000    0.000000    0.999859
    3.220000    0.000000    0.999864
    3.230000    0.000000    0.999869
    3.240000    0.000000    0.999874
    3.250000    0.000000    0.999879
    3.260000    0.000000    0.999884
    3.270000    0.000000    0.999890
    3.280000    0.000000    0.999895
    3.290000    0.000000    0.999901
    3.300000    0.000000    0.999906
    3.310000    0.000000    0.999911
    3.320000    0.000000    0.999917
    3.330000    0.000000    0.999922
    3.340000    0.000000    0.999927
    3.350000    0.000000    0.999932
    3.360000    0.000000    0.999937
    3.370000    0.000000    0.999942
    3.380000    0.000000    0.999947
    3.390000    0.000000    0.999951
    3.400000    0.000000    0.999956
    3.410000    0.000000    0.999960
    3.420000    0.000000    0.999964
    3.430000    0.000000    0.999969
    3.440000    0.000000    0.999972
    3.450000    0.000000    0.999976
    3.460000    0.000000    0.999980
    3.470000    0.000000    0.999983
    3.480000    0.000000    0.999987
    3.490000    0.000000    0.999990
    3.500000    0.000000    0.999993
    3.510000    0.000000    0.999995
    3.520000    0.000000    0.999998
    3.530000    0.000000    1.000000
    3.540000    0.000000    1.000003
    3.550000    0.000000    1.000005
    3.560000    0.000000    1.000007
    3.570000    0.000000    1.000009
    3.580000    0.000000    1.000010
    3.590000    0.000000    1.000012
    3.600000    0.000000    1.000013
    3.610000    0.000000    1.000015
    3.620000    0.000000    1.000016
    3.630000    0.000000    1.000017
    3.640000    0.000000    1.000018
    3.650000    0.000000    1.000018
    3.660000    0.000000    1.000019
    3.670000    0.000000    1.000019
    3.680000    0.000000    1.000020
    3.690000    0.000000    1.000020
    3.700000    0.000000    1.000020
    3.710000    0.000000    1.000021
    3.720000    0.000000    1.000021
    3.730000    0.000000    1.000021
    3.740000    0.000000    1.000020
    3.750000    0.000000    1.000020
    3.760000    0.000000    1.000020
    3.770000    0.000000    1.000020
    3.780000    0.000000    1.000019
    3.790000    0.000000    1.000019
    3.800000    0.000000    1.000019
    3.810000    0.000000    1.000018
    3.820000    0.000000    1.000018
    3.830000    0.000000    1.000017
    3.840000    0.000000    1.000016
    3.850000    0.000000    1.000016
    3.860000    0.000000    1.000015
    3.870000    0.000000    1.000015
    3.880000    0.000000    1.000014
    3.890000    0.000000    1.000013
    3.900000    0.000000    1.000013
    3.910000    0.000000    1.000012
    3.920000    0.000000    1.000011
    3.930000    0.000000    1.000011
    3.940000    0.000000    1.000010
    3.950000    0.000000    1.000009
    3.960000    0.000000    1.000009
    3.970000    0.000000    1.000008
    3.980000    0.000000    1.000007
    3.990000    0.000000    1.000007
    4.000000    0.000000    1.000006
    4.010000    0.000000    1.000006
    4.020000    0.000000    1.000005
    4.030000    0.000000    1.000005
    4.040000    0.000000    1.000004
    4.050000    0.000000    1.000004
    4.060000    0.000000    1.000003
    4.070000    0.000000    1.000003
    4.080000    0.000000    1.000002
    4.090000    0.000000    1.000002
    4.100000    0.000000    1.000001
    4.110000    0.000000    1.000001
    4.120000    0.000000    1.000001
    4.130000    0.000000    1.000000
    4.140000    0.000000    1.000000
    4.150000    0.000000    1.000000
    4.160000    0.000000    1.000000
    4.170000    0.000000    0.999999
    4.180000    0.000000    0.999999
    4.190000    0.000000    0.999999
    4.200000    0.000000    0.999999
    4.210000    0.000000    0.999998
    4.220000    0.000000    0.999998
    4.230000    0.000000    0.999998
    4.240000    0.000000    0.999998
    4.250000    0.000000    0.999998
    4.260000    0.000000    0.999998
    4.270000    0.000000    0.999998
    4.280000    0.000000    0.999998
    4.290000    0.000000    0.999998
    4.300000    0.000000    0.999998
    4.310000    0.000000    0.999998
    4.320000    0.000000    0.999998
    4.330000    0.000000    0.999998
    4.340000    0.000000    0.999998
    4.350000    0.000000    0.999998
    4.360000    0.000000    0.999998
    4.370000    0.000000    0.999998
    4.380000    0.000000    0.999998
    4.390000    0.000000    0.999998
    4.400000    0.000000    0.999998
    4.410000    0.000000    0.999998
    4.420000    0.000000    0.999998
    4.430000    0.000000    0.999998
    4.440000    0.000000    0.999998
    4.450000    0.000000    0.999998
    4.460000    0.000000    0.999998
    4.470000    0.000000    0.999998
    4.480000    0.000000    0.999998
    4.490000    0.000000    0.999998
    4.500000    0.000000    0.999998
    4.510000    0.000000    0.999998
    4.520000    0.000000    0.999998
    4.530000    0.000000    0.999999
    4.540000    0.000000    0.999999
    4.550000    0.000000    0.999999
    4.560000    0.000000    0.999999
    4.570000    0.000000    0.999999
    4.580000    0.000000    0.999999
    4.590000    0.000000    0.999999
    4.600000    0.000000    0.999999
    4.610000    0.000000    0.999999
    4.620000    0.000000    0.999999
    4.630000    0.000000    0.999999
    4.640000    0.000000    0.999999
    4.650000    0.000000    0.999999
    4.660000    0.000000    1.000000
    4.670000    0.000000    1.000000
    4.680000    0.000000    1.000000
    4.690000    0.000000    1.000000
    4.700000    0.000000    1.000000
    4.710000    0.000000    1.000000
    4.720000    0.000000    1.000000
    4.730000    0.000000    1.000000
    4.740000    0.000000    1.000000
    4.750000    0.000000    1.000000
    4.760000    0.000000    1.000000
    4.770000    0.000000    1.000000
    4.780000    0.000000    1.000000
    4.790000    0.000000    1.000000
    4.800000    0.000000    1.000000
    4.810000    0.000000    1.000000
    4.820000    0.000000    1.000000
    4.830000    0.000000    1.000000
    4.840000    0.000000    1.000000
    4.850000    0.000000    1.000000
    4.860000    0.000000    1.000000
    4.870000    0.000000    1.000000
    4.880000    0.000000    1.000000
    4.890000    0.000000    1.000000
    4.900000    0.000000    1.000000
    4.910000    0.000000    1.000000
    4.920000    0.000000    1.000000
    4.930000    0.000000    1.000000
    4.940000    0.000000    1.000000
    4.950000    0.000000    1.000000
    4.960000    0.000000    1.000000
    4.970000    0.000000    1.000000
    4.980000    0.000000    1.000000
    4.990000    0.000000    1.000000
    5.000000    0.000000    1.000000
    5.010000    0.000000    1.000000
    5.020000    0.000000    1.000000
    5.030000    0.000000    1.000000
    5.040000    0.000000    1.000000
    5.050000    0.000000    1.000000
    5.060000    0.000000    1.000000
    5.070000    0.000000    1.000000
    5.080000    0.000000    1.000000
    5.090000    0.000000    1.000000
    5.100000    0.000000    1.000000
    5.110000    0.000000    1.000000
    5.120000    0.000000    1.000000
    5.130000    0.000000    1.000000
    5.140000    0.000000    1.000000
    5.150000    0.000000    1.000000
    5.160000    0.000000    1.000000
    5.170000    0.000000    1.000000
    5.180000    0.000000    1.000000
    5.190000    0.000000    1.000000
    5.200000    0.000000    1.000000
    5.210000    0.000000    1.000000
    5.220000    0.000000    1.000000
    5.230000    0.000000    1.000000
    5.240000    0.000000    1.000000
    5.250000    0.000000    1.000000
    5.260000    0.000000    1.000000
    5.270000    0.000000    1.000000
    5.280000    0.000000    1.000000
    5.290000    0.000000    1.000000
    5.300000    0.000000    1.000000
    5.310000    0.000000    1.000000
    5.320000    0.000000    1.000000
    5.330000    0.000000    1.000000
    5.340000    0.000000    1.000000
    5.350000    0.000000    1.000000
    5.360000    0.000000    1.000000
    5.370000    0.000000    1.000000
    5.380000    0.000000    1.000000
    5.390000    0.000000    1.000000
    5.400000    0.000000    1.000000
    5.410000    0.000000    1.000000
    5.420000    0.000000    1.000000
    5.430000    0.000000    1.000000
    5.440000    0.000000    1.000000
    5.450000    0.000000    1.000000
    5.460000    0.000000    1.000000
    5.470000    0.000000    1.000000
    5.480000    0.000000    1.000000
    5.490000    0.000000    1.000000
    5.500000    0.000000    1.000000
    5.510000    0.000000    1.000000
    5.520000    0.000000    1.000000
    5.530000    0.000000    1.000000
    5.540000    0.000000    1.000000
    5.550000    0.000000    1.000000
    5.560000    0.000000    1.000000
    5.570000    0.000000    1.000000
    5.580000    0.000000    1.000000
    5.590000    0.000000    1.000000
    5.600000    0.000000    1.000000
    5.610000    0.000000    1.000000
    5.620000    0.000000    1.000000
    5.630000    0.000000    1.000000
    5.640000    0.000000    1.000000
    5.650000    0.000000    1.000000
    5.660000    0.000000    1.000000
    5.670000    0.000000    1.000000
    5.680000    0.000000    1.000000
    5.690000    0.000000    1.000000
    5.700000    0.000000    1.000000
    5.710000    0.000000    1.000000
    5.720000    0.000000    1.000000
    5.730000    0.000000    1.000000
    5.740000    0.000000    1.000000
    5.750000    0.000000    1.000000
    5.760000    0.000000    1.000000
    5.770000    0.000000    1.000000
    5.780000    0.000000    1.000000
    5.790000    0.000000    1.000000
    5.800000    0.000000    1.000000
    5.810000    0.000000    1.000000
    5.820000    0.000000    1.000000
    5.830000    0.000000    1.000000
    5.840000    0.000000    1.000000
    5.850000    0.000000    1.000000
    5.860000    0.000000    1.000000
    5.870000    0.000000    1.000000
    5.880000    0.000000    1.000000
    5.890000    0.000000    1.000000
    5.900000    0.000000    1.000000
    5.910000    0.000000    1.000000
    5.920000    0.000000    1.000000
    5.930000    0.000000    1.000000
    5.940000    0.000000    1.000000
    5.950000    0.000000    1.000000
    5.960000    0.000000    1.000000
    5.970000    0.000000    1.000000
    5.980000    0.000000    1.000000
    5.990000    0.000000    1.000000
    6.000000    0.000000    1.000000
    6.010000    0.000000    1.000000
    6.020000    0.000000    1.000000
    6.030000    0.000000    1.000000
    6.040000    0.000000    1.000000
    6.050000    0.000000    1.000000
    6.060000    0.000000    1.000000
    6.070000    0.000000    1.000000
    6.080000    0.000000    1.000000
    6.090000    0.000000    1.000000
    6.100000    0.000000    1.000000
    6.110000    0.000000    1.000000
    6.120000    0.000000    1.000000
    6.130000    0.000000    1.000000
    6.140000    0.000000    1.000000
    6.150000    0.000000    1.000000
    6.160000    0.000000    1.000000
    6.170000    0.000000    1.000000
    6.180000    0.000000    1.000000
    6.190000    0.000000    1.000000
    6.200000    0.000000    1.000000
    6.210000    0.000000    1.000000
    6.220000    0.000000    1.000000
    6.230000    0.000000    1.000000
    6.240000    0.000000    1.000000
    6.250000    0.000000    1.000000
    6.260000    0.000000    1.000000
    6.270000    0.000000    1.000000
    6.280000    0.000000    1.000000
    6.290000    0.000000    1.000000
    6.300000    0.000000    1.000000
    6.310000    0.000000    1.000000
    6.320000    0.000000    1.000000
    6.330000    0.000000    1.000000
    6.340000    0.000000    1.000000
    6.350000    0.000000    1.000000
    6.360000    0.000000    1.000000
    6.370000    0.000000    1.000000
    6.380000    0.000000    1.000000
    6.390000    0.000000    1.000000
    6.400000    0.000000    1.000000
    6.410000    0.000000    1.000000
    6.420000    0.000000    1.000000
    6.430000    0.000000    1.000000
    6.440000    0.000000    1.000000
    6.450000    0.000000    1.000000
    6.460000    0.000000    1.000000
    6.470000    0.000000    1.000000
    6.480000    0.000000    1.000000
    6.490000    0.000000    1.000000
    6.500000    0.000000    1.000000
    6.510000    0.000000    1.000000
    6.520000    0.000000    1.000000
    6.530000    0.000000    1.000000
    6.540000    0.000000    1.000000
    6.550000    0.000000    1.000000
    6.560000    0.000000    1.000000
    6.570000    0.000000    1.000000
    6.580000    0.000000    1.000000
    6.590000    0.000000    1.000000
    6.600000    0.000000    1.000000
    6.610000    0.000000    1.000000
    6.620000    0.000000    1.000000
    6.630000    0.000000    1.000000
    6.640000    0.000000    1.000000
    6.650000    0.000000    1.000000
    6.660000    0.000000    1.000000
    6.670000    0.000000    1.000000
    6.680000    0.000000    1.000000
    6.690000    0.000000    1.000000
    6.700000    0.000000    1.000000
    6.710000    0.000000    1.000000
    6.720000    0.000000    1.000000
    6.730000    0.000000    1.000000
    6.740000    0.000000    1.000000
    6.750000    0.000000    1.000000
    6.760000    0.000000    1.000000
    6.770000    0.000000    1.000000
    6.780000    0.000000    1.000000
    6.790000    0.000000    1.000000
    6.800000    0.000000    1.000000
    6.810000    0.000000    1.000000
    6.820000    0.000000    1.000000
    6.830000    0.000000    1.000000
    6.840000    0.000000    1.000000
    6.850000    0.000000    1.000000
    6.860000    0.000000    1.000000
    6.870000    0.000000    1.000000
    6.880000    0.000000    1.000000
    6.890000    0.000000    1.000000
    6.900000    0.000000    1.000000
    6.910000    0.000000    1.000000
    6.920000    0.000000    1.000000
    6.930000    0.000000    1.000000
    6.940000    0.000000    1.000000
    6.950000    0.000000    1.000000
    6.960000    0.000000    1.000000
    6.970000    0.000000    1.000000
    6.980000    0.000000    1.000000
    6.990000    0.000000    1.000000
    7.000000    0.000000    1.000000
    7.010000    0.000000    1.000000
    7.020000    0.000000    1.000000
    7.030000    0.000000    1.000000
    7.040000    0.000000    1.000000
    7.050000    0.000000    1.000000
    7.060000    0.000000    1.000000
    7.070000    0.000000    1.000000
    7.080000    0.000000    1.000000
    7.090000    0.000000    1.000000
    7.100000    0.000000    1.000000
    7.110000    0.000000    1.000000
    7.120000    0.000000    1.000000
    7.130000    0.000000    1.000000
    7.140000    0.000000    1.000000
    7.150000    0.000000    1.000000
    7.160000    0.000000    1.000000
    7.170000    0.000000    1.000000
    7.180000    0.000000    1.000000
    7.190000    0.000000    1.000000
    7.200000    0.000000    1.000000
    7.210000    0.000000    1.000000
    7.220000    0.000000    1.000000
    7.230000    0.000000    1.000000
    7.240000    0.000000    1.000000
    7.250000    0.000000    1.000000
    7.260000    0.000000    1.000000
    7.270000    0.000000    1.000000
    7.280000    0.000000    1.000000
    7.290000    0.000000    1.000000
    7.300000    0.000000    1.000000
    7.310000    0.000000    1.000000
    7.320000    0.000000    1.000000
    7.330000    0.000000    1.000000
    7.340000    0.000000    1.000000
    7.350000    0.000000    1.000000
    7.360000    0.000000    1.000000
    7.370000    0.000000    1.000000
    7.380000    0.000000    1.000000
    7.390000    0.000000    1.000000
    7.400000    0.000000    1.000000
    7.410000    0.000000    1.000000
    7.420000    0.000000    1.000000
    7.430000    0.000000    1.000000
    7.440000    0.000000    1.000000
    7.450000    0.000000    1.000000
    7.460000    0.000000    1.000000
    7.470000    0.000000    1.000000
    7.480000    0.000000    1.000000
    7.490000    0.000000    1.000000
    7.500000    0.000000    1.000000
    7.510000    0.000000    1.000000
    7.520000    0.000000    1.000000
    7.530000    0.000000    1.000000
    7.540000    0.000000    1.000000
    7.550000    0.000000    1.000000
    7.560000    0.000000    1.000000
    7.570000    0.000000    1.000000
    7.580000    0.000000    1.000000
    7.590000    0.000000    1.000000
    7.600000    0.000000    1.000000
    7.610000    0.000000    1.000000
    7.620000    0.000000    1.000000
    7.630000    0.000000    1.000000
    7.640000    0.000000    1.000000
    7.650000    0.000000    1.000000
    7.660000    0.000000    1.000000
    7.670000    0.000000    1.000000
    7.680000    0.000000    1.000000
    7.690000    0.000000    1.000000
    7.700000    0.000000    1.000000
    7.710000    0.000000    1.000000
    7.720000    0.000000    1.000000
    7.730000    0.000000    1.000000
    7.740000    0.000000    1.000000
    7.750000    0.000000    1.000000
    7.760000    0.000000    1.000000
    7.770000    0.000000    1.000000
    7.780000    0.000000    1.000000
    7.790000    0.000000    1.000000
    7.800000    0.000000    1.000000
    7.810000    0.000000    1.000000
    7.820000    0.000000    1.000000
    7.830000    0.000000    1.000000
    7.840000    0.000000    1.000000
    7.850000    0.000000    1.000000
    7.860000    0.000000    1.000000
    7.870000    0.000000    1.000000
    7.880000    0.000000    1.000000
    7.890000    0.000000    1.000000
    7.900000    0.000000    1.000000
    7.910000    0.000000    1.000000
    7.920000    0.000000    1.000000
    7.930000    0.000000    1.000000
    7.940000    0.000000    1.000000
    7.950000    0.000000    1.000000
    7.960000    0.000000    1.000000
    7.970000    0.000000    1.000000
    7.980000    0.000000    1.000000
    7.990000    0.000000    1.000000
    8.000000    0.000000    1.000000
    8.010000    0.000000    1.000000
    8.020000    0.000000    1.000000
    8.030000    0.000000    1.000000
    8.040000    0.000000    1.000000
    8.050000    0.000000    1.000000
    8.060000    0.000000    1.000000
    8.070000    0.000000    1.000000
    8.080000    0.000000    1.000000
    8.090000    0.000000    1.000000
    8.100000    0.000000    1.000000
    8.110000    0.000000    1.000000
    8.120000    0.000000    1.000000
    8.130000    0.000000    1.000000
    8.140000    0.000000    1.000000
    8.150000    0.000000    1.000000
    8.160000    0.000000    1.000000
    8.170000    0.000000    1.000000
    8.180000    0.000000    1.000000
    8.190000    0.000000    1.000000
    8.200000    0.000000    1.000000
    8.210000    0.000000    1.000000
    8.220000    0.000000    1.000000
    8.230000    0.000000    1.000000
    8.240000    0.000000    1.000000
    8.250000    0.000000    1.000000
    8.260000    0.000000    1.000000
    8.270000    0.000000    1.000000
    8.280000    0.000000    1.000000
    8.290000    0.000000    1.000000
    8.300000    0.000000    1.000000
    8.310000    0.000000    1.000000
    8.320000    0.000000    1.000000
    8.330000    0.000000    1.000000
    8.340000    0.000000    1.000000
    8.350000    0.000000    1.000000
    8.360000    0.000000    1.000000
    8.370000    0.000000    1.000000
    8.380000    0.000000    1.000000
    8.390000    0.000000    1.000000
    8.400000    0.000000    1.000000
    8.410000    0.000000    1.000000
    8.420000    0.000000    1.000000
    8.430000    0.000000    1.000000
    8.440000    0.000000    1.000000
    8.450000    0.000000    1.000000
    8.460000    0.000000    1.000000
    8.470000    0.000000    1.000000
    8.480000    0.000000    1.000000
    8.490000    0.000000    1.000000
    8.500000    0.000000    1.000000
    8.510000    0.000000    1.000000
    8.520000    0.000000    1.000000
    8.530000    0.000000    1.000000
    8.540000    0.000000    1.000000
    8.550000    0.000000    1.000000
    8.560000    0.000000    1.000000
    8.570000    0.000000    1.000000
    8.580000    0.000000    1.000000
    8.590000    0.000000    1.000000
    8.600000    0.000000    1.000000
    8.610000    0.000000    1.000000
    8.620000    0.000000    1.000000
    8.630000    0.000000    1.000000
    8.640000    0.000000    1.000000
    8.650000    0.000000    1.000000
    8.660000    0.000000    1.000000
    8.670000    0.000000    1.000000
    8.680000    0.000000    1.000000
    8.690000    0.000000    1.000000
    8.700000    0.000000    1.000000
    8.710000    0.000000    1.000000
    8.720000    0.000000    1.000000
    8.730000    0.000000    1.000000
    8.740000    0.000000    1.000000
    8.750000    0.000000    1.000000
    8.760000    0.000000    1.000000
    8.770000    0.000000    1.000000
    8.780000    0.000000    1.000000
    8.790000    0.000000    1.000000
    8.800000    0.000000    1.000000
    8.810000    0.000000    1.000000
    8.820000    0.000000    1.000000
    8.830000    0.000000    1.000000
    8.840000    0.000000    1.000000
    8.850000    0.000000    1.000000
    8.860000    0.000000    1.000000
    8.870000    0.000000    1.000000
    8.880000    0.000000    1.000000
    8.890000    0.000000    1.000000
    8.900000    0.000000    1.000000
    8.910000    0.000000    1.000000
    8.920000    0.000000    1.000000
    8.930000    0.000000    1.000000
    8.940000    0.000000    1.000000
    8.950000    0.000000    1.000000
    8.960000    0.000000    1.000000
    8.970000    0.000000    1.000000
    8.980000    0.000000    1.000000
    8.990000    0.000000    1.000000
    9.000000    0.000000    1.000000
    9.010000    0.000000    1.000000
    9.020000    0.000000    1.000000
    9.030000    0.000000    1.000000
    9.040000    0.000000    1.000000
    9.050000    0.000000    1.000000
    9.060000    0.000000    1.000000
    9.070000    0.000000    1.000000
    9.080000    0.000000    1.000000
    9.090000    0.000000    1.000000
    9.100000    0.000000    1.000000
    9.110000    0.000000    1.000000
    9.120000    0.000000    1.000000
    9.130000    0.000000    1.000000
    9.140000    0.000000    1.000000
    9.150000    0.000000    1.000000
    9.160000    0.000000    1.000000
    9.170000    0.000000    1.000000
    9.180000    0.000000    1.000000
    9.190000    0.000000    1.000000
    9.200000    0.000000    1.000000
    9.210000    0.000000    1.000000
    9.220000    0.000000    1.000000
    9.230000    0.000000    1.000000
    9.240000    0.000000    1.000000
    9.250000    0.000000    1.000000
    9.260000    0.000000    1.000000
    9.270000    0.000000    1.000000
    9.280000    0.000000    1.000000
    9.290000    0.000000    1.000000
    9.300000    0.000000    1.000000
    9.310000    0.000000    1.000000
    9.320000    0.000000    1.000000
    9.330000    0.000000    1.000000
    9.340000    0.000000    1.000000
    9.350000    0.000000    1.000000
    9.360000    0.000000    1.000000
    9.370000    0.000000    1.000000
    9.380000    0.000000    1.000000
    9.390000    0.000000    1.000000
    9.400000    0.000000    1.000000
    9.410000    0.000000    1.000000
    9.420000    0.000000    1.000000
    9.430000    0.000000    1.000000
    9.440000    0.000000    1.000000
    9.450000    0.000000    1.000000
    9.460000    0.000000    1.000000
    9.470000    0.000000    1.000000
    9.480000    0.000000    1.000000
    9.490000    0.000000    1.000000
    9.500000    0.000000    1.000000
    9.510000    0.000000    1.000000
    9.520000    0.000000    1.000000
    9.530000    0.000000    1.000000
    9.540000    0.000000    1.000000
    9.550000    0.000000    1.000000
    9.560000    0.000000    1.000000
    9.570000    0.000000    1.000000
    9.580000    0.000000    1.000000
    9.590000    0.000000    1.000000
    9.600000    0.000000    1.000000
    9.610000    0.000000    1.000000
    9.620000    0.000000    1.000000
    9.630000    0.000000    1.000000
    9.640000    0.000000    1.000000
    9.650000    0.000000    1.000000
    9.660000    0.000000    1.000000
    9.670000    0.000000    1.000000
    9.680000    0.000000    1.000000
    9.690000    0.000000    1.000000
    9.700000    0.000000    1.000000
    9.710000    0.000000    1.000000
    9.720000    0.000000    1.000000
    9.730000    0.000000    1.000000
    9.740000    0.000000    1.000000
    9.750000    0.000000    1.000000
    9.760000    0.000000    1.000000
    9.770000    0.000000    1.000000
    9.780000    0.000000    1.000000
    9.790000    0.000000    1.000000
    9.800000    0.000000    1.000000
    9.810000    0.000000    1.000000
    9.820000    0.000000    1.000000
    9.830000    0.000000    1.000000
    9.840000    0.000000    1.000000
    9.850000    0.000000    1.000000
    9.860000    0.000000    1.000000
    9.870000    0.000000    1.000000
    9.880000    0.000000    1.000000
    9.890000    0.000000    1.000000
    9.900000    0.000000    1.000000
    9.910000    0.000000    1.000000
    9.920000    0.000000    1.000000
    9.930000    0.000000    1.000000
    9.940000    0.000000    1.000000
    9.950000    0.000000    1.000000
    9.960000    0.000000    1.000000
    9.970000    0.000000    1.000000
    9.980000    0.000000    1.000000
    9.990000    0.000000    1.000000
   10.000000    0.000000    1.000000
