#          r        u(r)        g(r)
    0.010000         inf    0.000000
    0.020000         inf    0.000000
    0.030000         inf    0.000000
    0.040000         inf    0.000000
    0.050000         inf    0.000000
    0.060000         inf    0.000000
    0.070000         inf    0.000000
    0.080000         inf    0.000000
    0.090000         inf    0.000000
    0.100000         inf    0.000000
    0.110000         inf    0.000000
    0.120000         inf    0.000000
    0.130000         inf    0.000000
    0.140000         inf    0.000000
    0.150000         inf    0.000000
    0.160000         inf    0.000000
    0.170000         inf    0.000000
    0.180000         inf    0.000000
    0.190000         inf    0.000000
    0.200000         inf    0.000000
    0.210000         inf    0.000000
    0.220000         inf    0.000000
    0.230000         inf    0.000000
    0.240000         inf    0.000000
    0.250000         inf    0.000000
    0.260000         inf    0.000000
    0.270000         inf    0.000000
    0.280000         inf    0.000000
    0.290000         inf    0.000000
    0.300000         inf    0.000000
    0.310000         inf    0.000000
    0.320000         inf    0.000000
    0.330000         inf    0.000000
    0.340000         inf    0.000000
    0.350000         inf    0.000000
    0.360000         inf    0.000000
    0.370000         inf    0.000000
    0.380000         inf    0.000000
    0.390000         inf    0.000000
    0.400000         inf    0.000000
    0.410000         inf    0.000000
    0.420000         inf    0.000000
    0.430000         inf    0.000000
    0.440000         inf    0.000000
    0.450000         inf    0.000000
    0.460000         inf    0.000000
    0.470000         inf    0.000000
    0.480000         inf    0.000000
    0.490000         inf    0.000000
    0.500000         inf    0.000000
    0.510000         inf    0.000000
    0.520000         inf    0.000000
    0.530000         inf    0.000000
    0.540000         inf    0.000000
    0.550000         inf    0.000000
    0.560000         inf    0.000000
    0.570000         inf    0.000000
    0.580000         inf    0.000000
    0.590000         inf    0.000000
    0.600000         inf    0.000000
    0.610000         inf    0.000000
    0.620000         inf    0.000000
    0.630000         inf    0.000000
    0.640000         inf    0.000000
    0.650000         inf    0.000000
    0.660000         inf    0.000000
    0.670000         inf    0.000000
    0.680000         inf    0.000000
    0.690000         inf    0.000000
    0.700000         inf    0.000000
    0.710000         inf    0.000000
    0.720000         inf    0.000000
    0.730000         inf    0.000000
    0.740000         inf    0.000000
    0.750000         inf    0.000000
    0.760000         inf    0.000000
    0.770000         inf    0.000000
    0.780000         inf    0.000000
    0.790000         inf    0.000000
    0.800000         inf    0.000000
    0.810000         inf    0.000000
    0.820000         inf    0.000000
    0.830000         inf    0.000000
    0.840000         inf    0.000000
    0.850000         inf    0.000000
    0.860000         inf    0.000000
    0.870000         inf    0.000000
    0.880000         inf    0.000000
    0.890000         inf    0.000000
    0.900000         inf    0.000000
    0.910000         inf    0.000000
    0.920000         inf    0.000000
    0.930000         inf    0.000000
    0.940000         inf    0.000000
    0.950000         inf    0.000000
    0.960000         inf    0.000000
    0.970000         inf    0.000000
    0.980000         inf    0.000000
    0.990000         inf    0.000000
    1.000000    0.000000    3.703704
    1.010000    0.000000    3.494491
    1.020000    0.000000    3.306879
    1.030000    0.000000    3.137433
    1.040000    0.000000    2.983347
    1.050000    0.000000    2.842329
    1.060000    0.000000    2.712500
    1.070000    0.000000    2.592325
    1.080000    0.000000    2.480539
    1.090000    0.000000    2.376107
    1.100000    0.000000    2.278175
    1.110000    0.000000    2.186036
    1.120000    0.000000    2.099107
    1.130000    0.000000    2.016901
    1.140000    0.000000    1.939013
    1.150000    0.000000    1.865103
    1.160000    0.000000    1.794883
    1.170000    0.000000    1.728109
    1.180000    0.000000    1.664572
    1.190000    0.000000    1.604092
    1.200000    0.000000    1.546511
    1.210000    0.000000    1.491692
    1.220000    0.000000    1.439511
    1.230000    0.000000    1.389860
    1.240000    0.000000    1.342638
    1.250000    0.000000    1.297755
    1.260000    0.000000    1.255126
    1.270000    0.000000    1.214673
    1.280000    0.000000    1.176324
    1.290000    0.000000    1.140008
    1.300000    0.000000    1.105659
    1.310000    0.000000    1.073215
    1.320000    0.000000    1.042615
    1.330000    0.000000    1.013800
    1.340000    0.000000    0.986714
    1.350000    0.000000    0.961302
    1.360000    0.000000    0.937511
    1.370000    0.000000    0.915288
    1.380000    0.000000    0.894584
    1.390000    0.000000    0.875348
    1.400000    0.000000    0.857534
    1.410000    0.000000    0.841093
    1.420000    0.000000    0.825979
    1.430000    0.000000    0.812148
    1.440000    0.000000    0.799557
    1.450000    0.000000    0.788161
    1.460000    0.000000    0.777920
    1.470000    0.000000    0.768792
    1.480000    0.000000    0.760739
    1.490000    0.000000    0.753720
    1.500000    0.000000    0.747698
    1.510000    0.000000    0.742637
    1.520000    0.000000    0.738501
    1.530000    0.000000    0.735255
    1.540000    0.000000    0.732864
    1.550000    0.000000    0.731297
    1.560000    0.000000    0.730521
    1.570000    0.000000    0.730505
    1.580000    0.000000    0.731220
    1.590000    0.000000    0.732635
    1.600000    0.000000    0.734724
    1.610000    0.000000    0.737458
    1.620000    0.000000    0.740811
    1.630000    0.000000    0.744758
    1.640000    0.000000    0.749274
    1.650000    0.000000    0.754336
    1.660000    0.000000    0.759920
    1.670000    0.000000    0.766005
    1.680000    0.000000    0.772569
    1.690000    0.000000    0.779592
    1.700000    0.000000    0.787055
    1.710000    0.000000    0.794938
    1.720000    0.000000    0.803223
    1.730000    0.000000    0.811893
    1.740000    0.000000    0.820932
    1.750000    0.000000    0.830323
    1.760000    0.000000    0.840052
    1.770000    0.000000    0.850104
    1.780000    0.000000    0.860465
    1.790000    0.000000    0.871122
    1.800000    0.000000    0.882063
    1.810000    0.000000    0.893275
    1.820000    0.000000    0.904747
    1.830000    0.000000    0.916469
    1.840000    0.000000    0.928431
    1.850000    0.000000    0.940622
    1.860000    0.000000    0.953035
    1.870000    0.000000    0.965659
    1.880000    0.000000    0.978489
    1.890000    0.000000    0.991515
    1.900000    0.000000    1.004730
    1.910000    0.000000    1.018130
    1.920000    0.000000    1.031706
    1.930000    0.000000    1.045454
    1.940000    0.000000    1.059368
    1.950000    0.000000    1.073444
    1.960000    0.000000    1.087677
    1.970000    0.000000    1.102064
    1.980000    0.000000    1.116599
    1.990000    0.000000    1.131281
    2.000000    0.000000    1.146105
    2.010000    0.000000    1.159499
    2.020000    0.000000    1.170105
    2.030000    0.000000    1.178217
    2.040000    0.000000    1.184099
    2.050000    0.000000    1.187983
    2.060000    0.000000    1.190079
    2.070000    0.000000    1.190575
    2.080000    0.000000    1.189643
    2.090000    0.000000    1.187438
    2.100000    0.000000    1.184102
    2.110000    0.000000    1.179764
    2.120000    0.000000    1.174545
    2.130000    0.000000    1.168555
    2.140000    0.000000    1.161895
    2.150000    0.000000    1.154659
    2.160000    0.000000    1.146934
    2.170000    0.000000    1.138801
    2.180000    0.000000    1.130335
    2.190000    0.000000    1.121605
    2.200000    0.000000    1.112676
    2.210000    0.000000    1.103606
    2.220000    0.000000    1.094450
    2.230000    0.000000    1.085261
    2.240000    0.000000    1.076084
    2.250000    0.000000    1.066962
    2.260000    0.000000    1.057936
    2.270000    0.000000    1.049041
    2.280000    0.000000    1.040311
    2.290000    0.000000    1.031775
    2.300000    0.000000    1.023461
    2.310000    0.000000    1.015394
    2.320000    0.000000    1.007594
    2.330000    0.000000    1.000082
    2.340000    0.000000    0.992875
    2.350000    0.000000    0.985987
    2.360000    0.000000    0.979431
    2.370000    0.000000    0.973218
    2.380000    0.000000    0.967356
    2.390000    0.000000    0.961854
    2.400000    0.000000    0.956716
    2.410000    0.000000    0.951946
    2.420000    0.000000    0.947546
    2.430000    0.000000    0.943517
    2.440000    0.000000    0.939860
    2.450000    0.000000    0.936572
    2.460000    0.000000    0.933650
    2.470000    0.000000    0.931091
    2.480000    0.000000    0.928890
    2.490000    0.000000    0.927041
    2.500000    0.000000    0.925537
    2.510000    0.000000    0.924372
    2.520000    0.000000    0.923536
    2.530000    0.000000    0.923021
    2.540000    0.000000    0.922818
    2.550000    0.000000    0.922916
    2.560000    0.000000    0.923305
    2.570000    0.000000    0.923975
    2.580000    0.000000    0.924913
    2.590000    0.000000    0.926109
    2.600000    0.000000    0.927550
    2.610000    0.000000    0.929223
    2.620000    0.000000    0.931117
    2.630000    0.000000    0.933218
    2.640000    0.000000    0.935514
    2.650000    0.000000    0.937992
    2.660000    0.000000    0.940639
    2.670000    0.000000    0.943441
    2.680000    0.000000    0.946385
    2.690000    0.000000    0.949459
    2.700000    0.000000    0.952649
    2.710000    0.000000    0.955941
    2.720000    0.000000    0.959323
    2.730000    0.000000    0.962782
    2.740000    0.000000    0.966305
    2.750000    0.000000    0.969878
    2.760000    0.000000    0.973490
    2.770000    0.000000    0.977127
    2.780000    0.000000    0.980778
    2.790000    0.000000    0.984429
    2.800000    0.000000    0.988070
    2.810000    0.000000    0.991687
    2.820000    0.000000    0.995269
    2.830000    0.000000    0.998805
    2.840000    0.000000    1.002283
    2.850000    0.000000    1.005692
    2.860000    0.000000    1.009021
    2.870000    0.000000    1.012259
    2.880000    0.000000    1.015396
    2.890000    0.000000    1.018421
    2.900000    0.000000    1.021324
    2.910000    0.000000    1.024095
    2.920000    0.000000    1.026724
    2.930000    0.000000    1.029202
    2.940000    0.000000    1.031519
    2.950000    0.000000    1.033666
    2.960000    0.000000    1.035635
    2.970000    0.000000    1.037415
    2.980000    0.000000    1.038999
    2.990000    0.000000    1.040378
    3.000000    0.000000    1.041544
    3.010000    0.000000    1.042489
    3.020000    0.000000    1.043206
    3.030000    0.000000    1.043693
    3.040000    0.000000    1.043951
    3.050000    0.000000    1.043981
    3.060000    0.000000    1.043788
    3.070000    0.000000    1.043380
    3.080000    0.000000    1.042764
    3.090000    0.000000    1.041950
    3.100000    0.000000    1.040948
    3.110000    0.000000    1.039769
    3.120000    0.000000    1.038427
    3.130000    0.000000    1.036932
    3.140000    0.000000    1.035300
    3.150000    0.000000    1.033542
    3.160000    0.000000    1.031672
    3.170000    0.000000    1.029704
    3.180000    0.000000    1.027651
    3.190000    0.000000    1.025527
    3.200000    0.000000    1.023344
    3.210000    0.000000    1.021116
    3.220000    0.000000    1.018855
    3.230000    0.000000    1.016573
    3.240000    0.000000    1.014282
    3.250000    0.000000    1.011993
    3.260000    0.000000    1.009717
    3.270000    0.000000    1.007464
    3.280000    0.000000    1.005245
    3.290000    0.000000    1.003067
    3.300000    0.000000    1.000941
    3.310000    0.000000    0.998873
    3.320000    0.000000    0.996871
    3.330000    0.000000    0.994943
    3.340000    0.000000    0.993093
    3.350000    0.000000    0.991329
    3.360000    0.000000    0.989654
    3.370000    0.000000    0.988074
    3.380000    0.000000    0.986592
    3.390000    0.000000    0.985212
    3.400000    0.000000    0.983936
    3.410000    0.000000    0.982766
    3.420000    0.000000    0.981704
    3.430000    0.000000    0.980752
    3.440000    0.000000    0.979909
    3.450000    0.000000    0.979177
    3.460000    0.000000    0.978554
    3.470000    0.000000    0.978040
    3.480000    0.000000    0.977634
    3.490000    0.000000    0.977335
    3.500000    0.000000    0.977139
    3.510000    0.000000    0.977046
    3.520000    0.000000    0.977053
    3.530000    0.000000    0.977156
    3.540000    0.000000    0.977353
    3.550000    0.000000    0.977639
    3.560000    0.000000    0.978012
    3.570000    0.000000    0.978467
    3.580000    0.000000    0.979001
    3.590000    0.000000    0.979608
    3.600000    0.000000    0.980284
    3.610000    0.000000    0.981026
    3.620000    0.000000    0.981828
    3.630000    0.000000    0.982685
    3.640000    0.000000    0.983592
    3.650000    0.000000    0.984545
    3.660000    0.000000    0.985538
    3.670000    0.000000    0.986567
    3.680000    0.000000    0.987627
    3.690000    0.000000    0.988712
    3.700000    0.000000    0.989818
    3.710000    0.000000    0.990939
    3.720000    0.000000    0.992071
    3.730000    0.000000    0.993209
    3.740000    0.000000    0.994349
    3.750000    0.000000    0.995485
    3.760000    0.000000    0.996614
    3.770000    0.000000    0.997731
    3.780000    0.000000    0.998831
    3.790000    0.000000    0.999912
    3.800000    0.000000    1.000968
    3.810000    0.000000    1.001996
    3.820000    0.000000    1.002993
    3.830000    0.000000    1.003955
    3.840000    0.000000    1.004879
    3.850000    0.000000    1.005762
    3.860000    0.000000    1.006601
    3.870000    0.000000    1.007394
    3.880000    0.000000    1.008139
    3.890000    0.000000    1.008832
    3.900000    0.000000    1.009474
    3.910000    0.000000    1.010060
    3.920000    0.000000    1.010592
    3.930000    0.000000    1.011066
    3.940000    0.000000    1.011482
    3.950000    0.000000    1.011840
    3.960000    0.000000    1.012139
    3.970000    0.000000    1.012379
    3.980000    0.000000    1.012560
    3.990000    0.000000    1.012682
    4.000000    0.000000    1.012745
    4.010000    0.000000    1.012752
    4.020000    0.000000    1.012702
    4.030000    0.000000    1.012597
    4.040000    0.000000    1.012438
    4.050000    0.000000    1.012228
    4.060000    0.000000    1.011968
    4.070000    0.000000    1.011660
    4.080000    0.000000    1.011308
    4.090000    0.000000    1.010913
    4.100000    0.000000    1.010479
    4.110000    0.000000    1.010008
    4.120000    0.000000    1.009503
    4.130000    0.000000    1.008967
    4.140000    0.000000    1.008404
    4.150000    0.000000    1.007817
    4.160000    0.000000    1.007209
    4.170000    0.000000    1.006583
    4.180000    0.000000    1.005943
    4.190000    0.000000    1.005292
    4.200000    0.000000    1.004633
    4.210000    0.000000    1.003969
    4.220000    0.000000    1.003304
    4.230000    0.000000    1.002640
    4.240000    0.000000    1.001981
    4.250000    0.000000    1.001329
    4.260000    0.000000    1.000688
    4.270000    0.000000    1.000059
    4.280000    0.000000    0.999446
    4.290000    0.000000    0.998850
    4.300000    0.000000    0.998274
    4.310000    0.000000    0.997720
    4.320000    0.000000    0.997189
    4.330000    0.000000    0.996685
    4.340000    0.000000    0.996207
    4.350000    0.000000    0.995758
    4.360000    0.000000    0.995339
    4.370000    0.000000    0.994950
    4.380000    0.000000    0.994594
    4.390000    0.000000    0.994270
    4.400000    0.000000    0.993978
    4.410000    0.000000    0.993721
    4.420000    0.000000    0.993497
    4.430000    0.000000    0.993307
    4.440000    0.000000    0.993151
    4.450000    0.000000    0.993029
    4.460000    0.000000    0.992939
    4.470000    0.000000    0.992883
    4.480000    0.000000    0.992859
    4.490000    0.000000    0.992866
    4.500000    0.000000    0.992904
    4.510000    0.000000    0.992972
    4.520000    0.000000    0.993069
    4.530000    0.000000    0.993193
    4.540000    0.000000    0.993343
    4.550000    0.000000    0.993519
    4.560000    0.000000    0.993718
    4.570000    0.000000    0.993939
    4.580000    0.000000    0.994181
    4.590000    0.000000    0.994442
    4.600000    0.000000    0.994721
    4.610000    0.000000    0.995016
    4.620000    0.000000    0.995325
    4.630000    0.000000    0.995647
    4.640000    0.000000    0.995980
    4.650000    0.000000    0.996322
    4.660000    0.000000    0.996672
    4.670000    0.000000    0.997028
    4.680000    0.000000    0.997388
    4.690000    0.000000    0.997751
    4.700000    0.000000    0.998114
    4.710000    0.000000    0.998478
    4.720000    0.000000    0.998839
    4.730000    0.000000    0.999197
    4.740000    0.000000    0.999551
    4.750000    0.000000    0.999897
    4.760000    0.000000    1.000237
    4.770000    0.000000    1.000567
    4.780000    0.000000    1.000887
    4.790000    0.000000    1.001197
    4.800000    0.000000    1.001494
    4.810000    0.000000    1.001777
    4.820000    0.000000    1.002047
    4.830000    0.000000    1.002302
    4.840000    0.000000    1.002540
    4.850000    0.000000    1.002763
    4.860000    0.000000    1.002969
    4.870000    0.000000    1.003157
    4.880000    0.000000    1.003328
    4.890000    0.000000    1.003480
    4.900000    0.000000    1.003614
    4.910000    0.000000    1.003729
    4.920000    0.000000    1.003826
    4.930000    0.000000    1.003903
    4.940000    0.000000    1.003963
    4.950000    0.000000    1.004004
    4.960000    0.000000    1.004026
    4.970000    0.000000    1.004031
    4.980000    0.000000    1.004018
    4.990000    0.000000    1.003988
    5.000000    0.000000    1.003942
    5.010000    0.000000    1.003879
    5.020000    0.000000    1.003801
    5.030000    0.000000    1.003708
    5.040000    0.000000    1.003601
    5.050000    0.000000    1.003481
    5.060000    0.000000    1.003349
    5.070000    0.000000    1.003205
    5.080000    0.000000    1.003050
    5.090000    0.000000    1.002885
    5.100000    0.000000    1.002712
    5.110000    0.000000    1.002531
    5.120000    0.000000    1.002342
    5.130000    0.000000    1.002148
    5.140000    0.000000    1.001949
    5.150000    0.000000    1.001746
    5.160000    0.000000    1.001540
    5.170000    0.000000    1.001332
    5.180000    0.000000    1.001123
    5.190000    0.000000    1.000913
    5.200000    0.000000    1.000705
    5.210000    0.000000    1.000498
    5.220000    0.000000    1.000294
    5.230000    0.000000    1.000093
    5.240000    0.000000    0.999896
    5.250000    0.000000    0.999704
    5.260000    0.000000    0.999519
    5.270000    0.000000    0.999339
    5.280000    0.000000    0.999166
    5.290000    0.000000    0.999001
    5.300000    0.000000    0.998845
    5.310000    0.000000    0.998697
    5.320000    0.000000    0.998557
    5.330000    0.000000    0.998428
    5.340000    0.000000    0.998308
    5.350000    0.000000    0.998199
    5.360000    0.000000    0.998100
    5.370000    0.000000    0.998011
    5.380000    0.000000    0.997933
    5.390000    0.000000    0.997866
    5.400000    0.000000    0.997810
    5.410000    0.000000    0.997764
    5.420000    0.000000    0.997730
    5.430000    0.000000    0.997706
    5.440000    0.000000    0.997692
    5.450000    0.000000    0.997689
    5.460000    0.000000    0.997696
    5.470000    0.000000    0.997713
    5.480000    0.000000    0.997739
    5.490000    0.000000    0.997775
    5.500000    0.000000    0.997819
    5.510000    0.000000    0.997872
    5.520000    0.000000    0.997933
    5.530000    0.000000    0.998001
    5.540000    0.000000    0.998077
    5.550000    0.000000    0.998159
    5.560000    0.000000    0.998247
    5.570000    0.000000    0.998341
    5.580000    0.000000    0.998439
    5.590000    0.000000    0.998543
    5.600000    0.000000    0.998650
    5.610000    0.000000    0.998760
    5.620000    0.000000    0.998874
    5.630000    0.000000    0.998989
    5.640000    0.000000    0.999107
    5.650000    0.000000    0.999225
    5.660000    0.000000    0.999345
    5.670000    0.000000    0.999464
    5.680000    0.000000    0.999583
    5.690000    0.000000    0.999701
    5.700000    0.000000    0.999817
    5.710000    0.000000    0.999932
    5.720000    0.000000    1.000045
    5.730000    0.000000    1.000154
    5.740000    0.000000    1.000261
    5.750000    0.000000    1.000364
    5.760000    0.000000    1.000463
    5.770000    0.000000    1.000558
    5.780000    0.000000    1.000648
    5.790000    0.000000    1.000734
    5.800000    0.000000    1.000814
    5.810000    0.000000    1.000889
    5.820000    0.000000    1.000959
    5.830000    0.000000    1.001022
    5.840000    0.000000    1.001080
    5.850000    0.000000    1.001132
    5.860000    0.000000    1.001178
    5.870000    0.000000    1.001218
    5.880000    0.000000    1.001252
    5.890000    0.000000    1.001279
    5.900000    0.000000    1.001301
    5.910000    0.000000    1.001316
    5.920000    0.000000    1.001325
    5.930000    0.000000    1.001328
    5.940000    0.000000    1.001326
    5.950000    0.000000    1.001318
    5.960000    0.000000    1.001304
    5.970000    0.000000    1.001285
    5.980000    0.000000    1.001261
    5.990000    0.000000    1.001231
    6.000000    0.000000    1.001198
    6.010000    0.000000    1.001159
    6.020000    0.000000    1.001117
    6.030000    0.000000    1.001071
    6.040000    0.000000    1.001021
    6.050000    0.000000    1.000968
    6.060000    0.000000    1.000911
    6.070000    0.000000    1.000852
    6.080000    0.000000    1.000791
    6.090000    0.000000    1.000728
    6.100000    0.000000    1.000663
    6.110000    0.000000    1.000596
    6.120000    0.000000    1.000528
    6.130000    0.000000    1.000460
    6.140000    0.000000    1.000391
    6.150000    0.000000    1.000322
    6.160000    0.000000    1.000253
    6.170000    0.000000    1.000185
    6.180000    0.000000    1.000117
    6.190000    0.000000    1.000050
    6.200000    0.000000    0.999985
    6.210000    0.000000    0.999921
    6.220000    0.000000    0.999859
    6.230000    0.000000    0.999798
    6.240000    0.000000    0.999741
    6.250000    0.000000    0.999685
    6.260000    0.000000    0.999632
    6.270000    0.000000    0.999582
    6.280000    0.000000    0.999535
    6.290000    0.000000    0.999491
    6.300000    0.000000    0.999450
    6.310000    0.000000    0.999412
    6.320000    0.000000    0.999378
    6.330000    0.000000    0.999347
    6.340000    0.000000    0.999320
    6.350000    0.000000    0.999296
    6.360000    0.000000    0.999276
    6.370000    0.000000    0.999259
    6.380000    0.000000    0.999246
    6.390000    0.000000    0.999237
    6.400000    0.000000    0.999231
    6.410000    0.000000    0.999229
    6.420000    0.000000    0.999230
    6.430000    0.000000    0.999234
    6.440000    0.000000    0.999242
    6.450000    0.000000    0.999252
    6.460000    0.000000    0.999266
    6.470000    0.000000    0.999283
    6.480000    0.000000    0.999302
    6.490000    0.000000    0.999324
    6.500000    0.000000    0.999348
    6.510000    0.000000    0.999375
    6.520000    0.000000    0.999403
    6.530000    0.000000    0.999434
    6.540000    0.000000    0.999467
    6.550000    0.000000    0.999501
    6.560000    0.000000    0.999536
    6.570000    0.000000    0.999573
    6.580000    0.000000    0.999610
    6.590000    0.000000    0.999649
    6.600000    0.000000    0.999688
    6.610000    0.000000    0.999728
    6.620000    0.000000    0.999768
    6.630000    0.000000    0.999808
    6.640000    0.000000    0.999848
    6.650000    0.000000    0.999888
    6.660000    0.000000    0.999927
    6.670000    0.000000    0.999966
    6.680000    0.000000    1.000004
    6.690000    0.000000    1.000041
    6.700000    0.000000    1.000078
    6.710000    0.000000    1.000113
    6.720000    0.000000    1.000147
    6.730000    0.000000    1.000179
    6.740000    0.000000    1.000210
    6.750000    0.000000    1.000239
    6.760000    0.000000    1.000267
    6.770000    0.000000    1.000293
    6.780000    0.000000    1.000317
    6.790000    0.000000    1.000339
    6.800000    0.000000    1.000360
    6.810000    0.000000    1.000378
    6.820000    0.000000    1.000394
    6.830000    0.000000    1.000408
    6.840000    0.000000    1.000420
    6.850000    0.000000    1.000430
    6.860000    0.000000    1.000438
    6.870000    0.000000    1.000444
    6.880000    0.000000    1.000447
    6.890000    0.000000    1.000449
    6.900000    0.000000    1.000449
    6.910000    0.000000    1.000447
    6.920000    0.000000    1.000443
    6.930000    0.000000    1.000437
    6.940000    0.000000    1.000429
    6.950000    0.000000    1.000420
    6.960000    0.000000    1.000409
    6.970000    0.000000    1.000396
    6.980000    0.000000    1.000382
    6.990000    0.000000    1.000367
    7.000000    0.000000    1.000351
    7.010000    0.000000    1.000333
    7.020000    0.000000    1.000314
    7.030000    0.000000    1.000294
    7.040000    0.000000    1.000274
    7.050000    0.000000    1.000253
    7.060000    0.000000    1.000231
    7.070000    0.000000    1.000208
    7.080000    0.000000    1.000186
    7.090000    0.000000    1.000162
    7.100000    0.000000    1.000139
    7.110000    0.000000    1.000116
    7.120000    0.000000    1.000092
    7.130000    0.000000    1.000069
    7.140000    0.000000    1.000046
    7.150000    0.000000    1.000023
    7.160000    0.000000    1.000001
    7.170000    0.000000    0.999979
    7.180000    0.000000    0.999958
    7.190000    0.000000    0.999937
    7.200000    0.000000    0.999917
    7.210000    0.000000    0.999898
    7.220000    0.000000    0.999879
    7.230000    0.000000    0.999862
    7.240000    0.000000    0.999846
    7.250000    0.000000    0.999830
    7.260000    0.000000    0.999816
    7.270000    0.000000    0.999803
    7.280000    0.000000    0.999791
    7.290000    0.000000    0.999780
    7.300000    0.000000    0.999770
    7.310000    0.000000    0.999762
    7.320000    0.000000    0.999755
    7.330000    0.000000    0.999749
    7.340000    0.000000    0.999744
    7.350000    0.000000    0.999740
    7.360000    0.000000    0.999738
    7.370000    0.000000    0.999737
    7.380000    0.000000    0.999737
    7.390000    0.000000    0.999738
    7.400000    0.000000    0.999740
    7.410000    0.000000    0.999743
    7.420000    0.000000    0.999748
    7.430000    0.000000    0.999753
    7.440000    0.000000    0.999759
    7.450000    0.000000    0.999767
    7.460000    0.000000    0.999775
    7.470000    0.000000    0.999783
    7.480000    0.000000    0.999793
    7.490000    0.000000    0.999803
    7.500000    0.000000    0.999814
    7.510000    0.000000    0.999826
    7.520000    0.000000    0.999838
    7.530000    0.000000    0.999850
    7.540000    0.000000    0.999863
    7.550000    0.000000    0.999876
    7.560000    0.000000    0.999889
    7.570000    0.000000    0.999903
    7.580000    0.000000    0.999917
    7.590000    0.000000    0.999930
    7.600000    0.000000    0.999944
    7.610000    0.000000    0.999958
    7.620000    0.000000    0.999971
    7.630000    0.000000    0.999985
    7.640000    0.000000    0.999998
    7.650000    0.000000    1.000011
    7.660000    0.000000    1.000023
    7.670000    0.000000    1.000036
    7.680000    0.000000    1.000047
    7.690000    0.000000    1.000059
    7.700000    0.000000    1.000070
    7.710000    0.000000    1.000080
    7.720000    0.000000    1.000090
    7.730000    0.000000    1.000099
    7.740000    0.000000    1.000107
    7.750000    0.000000    1.000115
    7.760000    0.000000    1.000122
    7.770000    0.000000    1.000129
    7.780000    0.000000    1.000134
    7.790000    0.000000    1.000139
    7.800000    0.000000    1.000144
    7.810000    0.000000    1.000147
    7.820000    0.000000    1.000150
    7.830000    0.000000    1.000153
    7.840000    0.000000    1.000154
    7.850000    0.000000    1.000155
    7.860000    0.000000    1.000155
    7.870000    0.000000    1.000154
    7.880000    0.000000    1.000153
    7.890000    0.000000    1.000151
    7.900000    0.000000    1.000149
    7.910000    0.000000    1.000146
    7.920000    0.000000    1.000142
    7.930000    0.000000    1.000138
    7.940000    0.000000    1.000133
    7.950000    0.000000    1.000128
    7.960000    0.000000    1.000123
    7.970000    0.000000    1.000117
    7.980000    0.000000    1.000110
    7.990000    0.000000    1.000103
    8.000000    0.000000    1.000096
    8.010000    0.000000    1.000089
    8.020000    0.000000    1.000082
    8.030000    0.000000    1.000074
    8.040000    0.000000    1.000066
    8.050000    0.000000    1.000058
    8.060000    0.000000    1.000050
    8.070000    0.000000    1.000042
    8.080000    0.000000    1.000034
    8.090000    0.000000    1.000026
    8.100000    0.000000    1.000018
    8.110000    0.000000    1.000010
    8.120000    0.000000    1.000002
    8.130000    0.000000    0.999994
    8.140000    0.000000    0.999987
    8.150000    0.000000    0.999980
    8.160000    0.000000    0.999973
    8.170000    0.000000    0.999966
    8.180000    0.000000    0.999960
    8.190000    0.000000    0.999954
    8.200000    0.000000    0.999948
    8.210000    0.000000    0.999942
    8.220000    0.000000    0.999937
    8.230000    0.000000    0.999933
    8.240000    0.000000    0.999928
    8.250000    0.000000    0.999925
    8.260000    0.000000    0.999921
    8.270000    0.000000    0.999918
    8.280000    0.000000    0.999915
    8.290000    0.000000    0.999913
    8.300000    0.000000    0.999911
    8.310000    0.000000    0.999910
    8.320000    0.000000    0.999909
    8.330000    0.000000    0.999909
    8.340000    0.000000    0.999908
    8.350000    0.000000    0.999909
    8.360000    0.000000    0.999909
    8.370000    0.000000    0.999910
    8.380000    0.000000    0.999912
    8.390000    0.000000    0.999914
    8.400000    0.000000    0.999916
    8.410000    0.000000    0.999918
    8.420000    0.000000    0.999921
    8.430000    0.000000    0.999924
    8.440000    0.000000    0.999927
    8.450000    0.000000    0.999931
    8.460000    0.000000    0.999934
    8.470000    0.000000    0.999938
    8.480000    0.000000    0.999942
    8.490000    0.000000    0.999947
    8.500000    0.000000    0.999951
    8.510000    0.000000    0.999956
    8.520000    0.000000    0.999960
    8.530000    0.000000    0.999965
    8.540000    0.000000    0.999970
    8.550000    0.000000    0.999975
    8.560000    0.000000    0.999979
    8.570000    0.000000    0.999984
    8.580000    0.000000    0.999989
    8.590000    0.000000    0.999994
    8.600000    0.000000    0.999998
    8.610000    0.000000    1.000003
    8.620000    0.000000    1.000007
    8.630000    0.000000    1.000011
    8.640000    0.000000    1.000016
    8.650000    0.000000    1.000020
    8.660000    0.000000    1.000023
    8.670000    0.000000    1.000027
    8.680000    0.000000    1.000031
    8.690000    0.000000    1.000034
    8.700000    0.000000    1.000037
    8.710000    0.000000    1.000040
    8.720000    0.000000    1.000042
    8.730000    0.000000    1.000044
    8.740000    0.000000    1.000047
    8.750000    0.000000    1.000048
    8.760000    0.000000    1.000050
    8.770000    0.000000    1.000051
    8.780000    0.000000    1.000052
    8.790000    0.000000    1.000053
    8.800000    0.000000    1.000054
    8.810000    0.000000    1.000054
    8.820000    0.000000    1.000054
    8.830000    0.000000    1.000054
    8.840000    0.000000    1.000054
    8.850000    0.000000    1.000053
    8.860000    0.000000    1.000052
    8.870000    0.000000    1.000051
    8.880000    0.000000    1.000050
    8.890000    0.000000    1.000049
    8.900000    0.000000    1.000047
    8.910000    0.000000    1.000045
    8.920000    0.000000    1.000043
    8.930000    0.000000    1.000041
    8.940000    0.000000    1.000039
    8.950000    0.000000    1.000037
    8.960000    0.000000    1.000034
    8.970000    0.000000    1.000032
    8.980000    0.000000    1.000029
    8.990000    0.000000    1.000027
    9.000000    0.000000    1.000024
    9.010000    0.000000    1.000021
    9.020000    0.000000    1.000018
    9.030000    0.000000    1.000015
    9.040000    0.000000    1.000013
    9.050000    0.000000    1.000010
    9.060000    0.000000    1.000007
    9.070000    0.000000    1.000004
    9.080000    0.000000    1.000001
    9.090000    0.000000    0.999999
    9.100000    0.000000    0.999996
    9.110000    0.000000    0.999993
    9.120000    0.000000    0.999991
    9.130000    0.000000    0.999989
    9.140000    0.000000    0.999986
    9.150000    0.000000    0.999984
    9.160000    0.000000    0.999982
    9.170000    0.000000    0.999980
    9.180000    0.000000    0.999978
    9.190000    0.000000    0.999977
    9.200000    0.000000    0.999975
    9.210000    0.000000    0.999974
    9.220000    0.000000    0.999972
    9.230000    0.000000    0.999971
    9.240000    0.000000    0.999970
    9.250000    0.000000    0.999970
    9.260000    0.000000    0.999969
    9.270000    0.000000    0.999968
    9.280000    0.000000    0.999968
    9.290000    0.000000    0.999968
    9.300000    0.000000    0.999968
    9.310000    0.000000    0.999968
    9.320000    0.000000    0.999968
    9.330000    0.000000    0.999968
    9.340000    0.000000    0.999969
    9.350000    0.000000    0.999969
    9.360000    0.000000    0.999970
    9.370000    0.000000    0.999971
    9.380000    0.000000    0.999972
    9.390000    0.000000    0.999973
    9.400000    0.000000    0.999974
    9.410000    0.000000    0.999975
    9.420000    0.000000    0.999977
    9.430000    0.000000    0.999978
    9.440000    0.000000    0.999979
    9.450000    0.000000    0.999981
    9.460000    0.000000    0.999982
    9.470000    0.000000    0.999984
    9.480000    0.000000    0.999986
    9.490000    0.000000    0.999987
    9.500000    0.000000    0.999989
    9.510000    0.000000    0.999991
    9.520000    0.000000    0.999992
    9.530000    0.000000    0.999994
    9.540000    0.000000    0.999996
    9.550000    0.000000    0.999997
    9.560000    0.000000    0.999999
    9.570000    0.000000    1.000001
    9.580000    0.000000    1.000002
    9.590000    0.000000    1.000004
    9.600000    0.000000    1.000005
    9.610000    0.000000    1.000007
    9.620000    0.000000    1.000008
    9.630000    0.000000    1.000009
    9.640000    0.000000    1.000011
    9.650000    0.000000    1.000012
    9.660000    0.000000    1.000013
    9.670000    0.000000    1.000014
    9.680000    0.000000    1.000015
    9.690000    0.000000    1.000016
    9.700000    0.000000    1.000016
    9.710000    0.000000    1.000017
    9.720000    0.000000    1.000018
    9.730000    0.000000    1.000018
    9.740000    0.000000    1.000018
    9.750000    0.000000    1.000019
    9.760000    0.000000    1.000019
    9.770000    0.000000    1.000019
    9.780000    0.000000    1.000019
    9.790000    0.000000    1.000019
    9.800000    0.000000    1.000019
    9.810000    0.000000    1.000019
    9.820000    0.000000    1.000019
    9.830000    0.000000    1.000018
    9.840000    0.000000    1.000018
    9.850000    0.000000    1.000017
    9.860000    0.000000    1.000017
    9.870000    0.000000    1.000016
    9.880000    0.000000    1.000016
    9.890000    0.000000    1.000015
    9.900000    0.000000    1.000014
    9.910000    0.000000    1.000013
    9.920000    0.000000    1.000012
    9.930000    0.000000    1.000011
    9.940000    0.000000    1.000011
    9.950000    0.000000    1.000010
    9.960000    0.000000    1.000009
    9.970000    0.000000    1.000008
    9.980000    0.000000    1.000007
    9.990000    0.000000    1.000006
   10.000000    0.000000    1.000005
