#          r        u(r)        g(r)
    0.010000         inf    0.000000
    0.020000         inf    0.000000
    0.030000         inf    0.000000
    0.040000         inf    0.000000
    0.050000         inf    0.000000
    0.060000         inf    0.000000
    0.070000         inf    0.000000
    0.080000         inf    0.000000
    0.090000         inf    0.000000
    0.100000         inf    0.000000
    0.110000         inf    0.000000
    0.120000         inf    0.000000
    0.130000         inf    0.000000
    0.140000         inf    0.000000
    0.150000         inf    0.000000
    0.160000         inf    0.000000
    0.170000         inf    0.000000
    0.180000         inf    0.000000
    0.190000         inf    0.000000
    0.200000         inf    0.000000
    0.210000         inf    0.000000
    0.220000         inf    0.000000
    0.230000         inf    0.000000
    0.240000         inf    0.000000
    0.250000         inf    0.000000
    0.260000         inf    0.000000
    0.270000         inf    0.000000
    0.280000         inf    0.000000
    0.290000         inf    0.000000
    0.300000         inf    0.000000
    0.310000         inf    0.000000
    0.320000         inf    0.000000
    0.330000         inf    0.000000
    0.340000         inf    0.000000
    0.350000         inf    0.000000
    0.360000         inf    0.000000
    0.370000         inf    0.000000
    0.380000         inf    0.000000
    0.390000         inf    0.000000
    0.400000         inf    0.000000
    0.410000         inf    0.000000
    0.420000         inf    0.000000
    0.430000         inf    0.000000
    0.440000         inf    0.000000
    0.450000         inf    0.000000
    0.460000         inf    0.000000
    0.470000         inf    0.000000
    0.480000         inf    0.000000
    0.490000         inf    0.000000
    0.500000         inf    0.000000
    0.510000         inf    0.000000
    0.520000         inf    0.000000
    0.530000         inf    0.000000
    0.540000         inf    0.000000
    0.550000         inf    0.000000
    0.560000         inf    0.000000
    0.570000         inf    0.000000
    0.580000         inf    0.000000
    0.590000         inf    0.000000
    0.600000         inf    0.000000
    0.610000         inf    0.000000
    0.620000         inf    0.000000
    0.630000         inf    0.000000
    0.640000         inf    0.000000
    0.650000         inf    0.000000
    0.660000         inf    0.000000
    0.670000         inf    0.000000
    0.680000         inf    0.000000
    0.690000         inf    0.000000
    0.700000         inf    0.000000
    0.710000         inf    0.000000
    0.720000         inf    0.000000
    0.730000         inf    0.000000
    0.740000         inf    0.000000
    0.750000         inf    0.000000
    0.760000         inf    0.000000
    0.770000         inf    0.000000
    0.780000         inf    0.000000
    0.790000         inf    0.000000
    0.800000         inf    0.000000
    0.810000         inf    0.000000
    0.820000         inf    0.000000
    0.830000         inf    0.000000
    0.840000         inf    0.000000
    0.850000         inf    0.000000
    0.860000         inf    0.000000
    0.870000         inf    0.000000
    0.880000         inf    0.000000
    0.890000         inf    0.000000
    0.900000         inf    0.000000
    0.910000         inf    0.000000
    0.920000         inf    0.000000
    0.930000         inf    0.000000
    0.940000         inf    0.000000
    0.950000         inf    0.000000
    0.960000         inf    0.000000
    0.970000         inf    0.000000
    0.980000         inf    0.000000
    0.990000         inf    0.000000
    1.000000    0.000000    2.004665
    1.010000    0.000000    1.965358
    1.020000    0.000000    1.927525
    1.030000    0.000000    1.891066
    1.040000    0.000000    1.855890
    1.050000    0.000000    1.821917
    1.060000    0.000000    1.789073
    1.070000    0.000000    1.757294
    1.080000    0.000000    1.726521
    1.090000    0.000000    1.696701
    1.100000    0.000000    1.667786
    1.110000    0.000000    1.639734
    1.120000    0.000000    1.612504
    1.130000    0.000000    1.586064
    1.140000    0.000000    1.560379
    1.150000    0.000000    1.535422
    1.160000    0.000000    1.511166
    1.170000    0.000000    1.487587
    1.180000    0.000000    1.464663
    1.190000    0.000000    1.442375
    1.200000    0.000000    1.420703
    1.210000    0.000000    1.399631
    1.220000    0.000000    1.379143
    1.230000    0.000000    1.359224
    1.240000    0.000000    1.339862
    1.250000    0.000000    1.321044
    1.260000    0.000000    1.302758
    1.270000    0.000000    1.284992
    1.280000    0.000000    1.267738
    1.290000    0.000000    1.250985
    1.300000    0.000000    1.234724
    1.310000    0.000000    1.218946
    1.320000    0.000000    1.203643
    1.330000    0.000000    1.188807
    1.340000    0.000000    1.174431
    1.350000    0.000000    1.160507
    1.360000    0.000000    1.147029
    1.370000    0.000000    1.133989
    1.380000    0.000000    1.121381
    1.390000    0.000000    1.109198
    1.400000    0.000000    1.097435
    1.410000    0.000000    1.086086
    1.420000    0.000000    1.075144
    1.430000    0.000000    1.064604
    1.440000    0.000000    1.054461
    1.450000    0.000000    1.044708
    1.460000    0.000000    1.035341
    1.470000    0.000000    1.026354
    1.480000    0.000000    1.017742
    1.490000    0.000000    1.009500
    1.500000    0.000000    1.001622
    1.510000    0.000000    0.994105
    1.520000    0.000000    0.986943
    1.530000    0.000000    0.980131
    1.540000    0.000000    0.973664
    1.550000    0.000000    0.967538
    1.560000    0.000000    0.961748
    1.570000    0.000000    0.956290
    1.580000    0.000000    0.951159
    1.590000    0.000000    0.946351
    1.600000    0.000000    0.941861
    1.610000    0.000000    0.937685
    1.620000    0.000000    0.933819
    1.630000    0.000000    0.930259
    1.640000    0.000000    0.926999
    1.650000    0.000000    0.924037
    1.660000    0.000000    0.921368
    1.670000    0.000000    0.918989
    1.680000    0.000000    0.916894
    1.690000    0.000000    0.915081
    1.700000    0.000000    0.913546
    1.710000    0.000000    0.912284
    1.720000    0.000000    0.911292
    1.730000    0.000000    0.910567
    1.740000    0.000000    0.910105
    1.750000    0.000000    0.909902
    1.760000    0.000000    0.909955
    1.770000    0.000000    0.910260
    1.780000    0.000000    0.910814
    1.790000    0.000000    0.911614
    1.800000    0.000000    0.912657
    1.810000    0.000000    0.913938
    1.820000    0.000000    0.915456
    1.830000    0.000000    0.917206
    1.840000    0.000000    0.919187
    1.850000    0.000000    0.921395
    1.860000    0.000000    0.923827
    1.870000    0.000000    0.926480
    1.880000    0.000000    0.929352
    1.890000    0.000000    0.932439
    1.900000    0.000000    0.935740
    1.910000    0.000000    0.939250
    1.920000    0.000000    0.942969
    1.930000    0.000000    0.946894
    1.940000    0.000000    0.951021
    1.950000    0.000000    0.955349
    1.960000    0.000000    0.959875
    1.970000    0.000000    0.964597
    1.980000    0.000000    0.969514
    1.990000    0.000000    0.974621
    2.000000    0.000000    0.979919
    2.010000    0.000000    0.985118
    2.020000    0.000000    0.989944
    2.030000    0.000000    0.994415
    2.040000    0.000000    0.998545
    2.050000    0.000000    1.002352
    2.060000    0.000000    1.005849
    2.070000    0.000000    1.009051
    2.080000    0.000000    1.011972
    2.090000    0.000000    1.014624
    2.100000    0.000000    1.017022
    2.110000    0.000000    1.019177
    2.120000    0.000000    1.021101
    2.130000    0.000000    1.022805
    2.140000    0.000000    1.024301
    2.150000    0.000000    1.025600
    2.160000    0.000000    1.026711
    2.170000    0.000000    1.027645
    2.180000    0.000000    1.028412
    2.190000    0.000000    1.029020
    2.200000    0.000000    1.029480
    2.210000    0.000000    1.029799
    2.220000    0.000000    1.029986
    2.230000    0.000000    1.030050
    2.240000    0.000000    1.029998
    2.250000    0.000000    1.029837
    2.260000    0.000000    1.029577
    2.270000    0.000000    1.029222
    2.280000    0.000000    1.028782
    2.290000    0.000000    1.028261
    2.300000    0.000000    1.027667
    2.310000    0.000000    1.027006
    2.320000    0.000000    1.026283
    2.330000    0.000000    1.025505
    2.340000    0.000000    1.024677
    2.350000    0.000000    1.023805
    2.360000    0.000000    1.022893
    2.370000    0.000000    1.021947
    2.380000    0.000000    1.020972
    2.390000    0.000000    1.019971
    2.400000    0.000000    1.018949
    2.410000    0.000000    1.017911
    2.420000    0.000000    1.016861
    2.430000    0.000000    1.015802
    2.440000    0.000000    1.014737
    2.450000    0.000000    1.013672
    2.460000    0.000000    1.012607
    2.470000    0.000000    1.011548
    2.480000    0.000000    1.010497
    2.490000    0.000000    1.009456
    2.500000    0.000000    1.008429
    2.510000    0.000000    1.007417
    2.520000    0.000000    1.006424
    2.530000    0.000000    1.005451
    2.540000    0.000000    1.004500
    2.550000    0.000000    1.003574
    2.560000    0.000000    1.002674
    2.570000    0.000000    1.001802
    2.580000    0.000000    1.000959
    2.590000    0.000000    1.000147
    2.600000    0.000000    0.999367
    2.610000    0.000000    0.998620
    2.620000    0.000000    0.997908
    2.630000    0.000000    0.997230
    2.640000    0.000000    0.996588
    2.650000    0.000000    0.995982
    2.660000    0.000000    0.995414
    2.670000    0.000000    0.994883
    2.680000    0.000000    0.994389
    2.690000    0.000000    0.993934
    2.700000    0.000000    0.993517
    2.710000    0.000000    0.993138
    2.720000    0.000000    0.992796
    2.730000    0.000000    0.992493
    2.740000    0.000000    0.992228
    2.750000    0.000000    0.991999
    2.760000    0.000000    0.991808
    2.770000    0.000000    0.991652
    2.780000    0.000000    0.991533
    2.790000    0.000000    0.991448
    2.800000    0.000000    0.991397
    2.810000    0.000000    0.991380
    2.820000    0.000000    0.991395
    2.830000    0.000000    0.991442
    2.840000    0.000000    0.991519
    2.850000    0.000000    0.991625
    2.860000    0.000000    0.991759
    2.870000    0.000000    0.991919
    2.880000    0.000000    0.992105
    2.890000    0.000000    0.992315
    2.900000    0.000000    0.992547
    2.910000    0.000000    0.992799
    2.920000    0.000000    0.993071
    2.930000    0.000000    0.993361
    2.940000    0.000000    0.993666
    2.950000    0.000000    0.993986
    2.960000    0.000000    0.994317
    2.970000    0.000000    0.994660
    2.980000    0.000000    0.995010
    2.990000    0.000000    0.995367
    3.000000    0.000000    0.995728
    3.010000    0.000000    0.996092
    3.020000    0.000000    0.996456
    3.030000    0.000000    0.996819
    3.040000    0.000000    0.997178
    3.050000    0.000000    0.997532
    3.060000    0.000000    0.997881
    3.070000    0.000000    0.998222
    3.080000    0.000000    0.998555
    3.090000    0.000000    0.998878
    3.100000    0.000000    0.999190
    3.110000    0.000000    0.999492
    3.120000    0.000000    0.999781
    3.130000    0.000000    1.000058
    3.140000    0.000000    1.000322
    3.150000    0.000000    1.000573
    3.160000    0.000000    1.000810
    3.170000    0.000000    1.001033
    3.180000    0.000000    1.001241
    3.190000    0.000000    1.001436
    3.200000    0.000000    1.001616
    3.210000    0.000000    1.001782
    3.220000    0.000000    1.001934
    3.230000    0.000000    1.002071
    3.240000    0.000000    1.002195
    3.250000    0.000000    1.002304
    3.260000    0.000000    1.002401
    3.270000    0.000000    1.002484
    3.280000    0.000000    1.002554
    3.290000    0.000000    1.002611
    3.300000    0.000000    1.002657
    3.310000    0.000000    1.002690
    3.320000    0.000000    1.002712
    3.330000    0.000000    1.002723
    3.340000    0.000000    1.002724
    3.350000    0.000000    1.002715
    3.360000    0.000000    1.002696
    3.370000    0.000000    1.002668
    3.380000    0.000000    1.002631
    3.390000    0.000000    1.002587
    3.400000    0.000000    1.002535
    3.410000    0.000000    1.002476
    3.420000    0.000000    1.002410
    3.430000    0.000000    1.002339
    3.440000    0.000000    1.002262
    3.450000    0.000000    1.002180
    3.460000    0.000000    1.002093
    3.470000    0.000000    1.002003
    3.480000    0.000000    1.001909
    3.490000    0.000000    1.001812
    3.500000    0.000000    1.001712
    3.510000    0.000000    1.001611
    3.520000    0.000000    1.001507
    3.530000    0.000000    1.001403
    3.540000    0.000000    1.001298
    3.550000    0.000000    1.001192
    3.560000    0.000000    1.001086
    3.570000    0.000000    1.000981
    3.580000    0.000000    1.000876
    3.590000    0.000000    1.000772
    3.600000    0.000000    1.000670
    3.610000    0.000000    1.000569
    3.620000    0.000000    1.000470
    3.630000    0.000000    1.000374
    3.640000    0.000000    1.000280
    3.650000    0.000000    1.000189
    3.660000    0.000000    1.000101
    3.670000    0.000000    1.000015
    3.680000    0.000000    0.999934
    3.690000    0.000000    0.999855
    3.700000    0.000000    0.999780
    3.710000    0.000000    0.999709
    3.720000    0.000000    0.999642
    3.730000    0.000000    0.999579
    3.740000    0.000000    0.999520
    3.750000    0.000000    0.999465
    3.760000    0.000000    0.999414
    3.770000    0.000000    0.999368
    3.780000    0.000000    0.999325
    3.790000    0.000000    0.999287
    3.800000    0.000000    0.999253
    3.810000    0.000000    0.999223
    3.820000    0.000000    0.999197
    3.830000    0.000000    0.999175
    3.840000    0.000000    0.999157
    3.850000    0.000000    0.999143
    3.860000    0.000000    0.999132
    3.870000    0.000000    0.999126
    3.880000    0.000000    0.999123
    3.890000    0.000000    0.999123
    3.900000    0.000000    0.999127
    3.910000    0.000000    0.999134
    3.920000    0.000000    0.999143
    3.930000    0.000000    0.999156
    3.940000    0.000000    0.999171
    3.950000    0.000000    0.999189
    3.960000    0.000000    0.999209
    3.970000    0.000000    0.999232
    3.980000    0.000000    0.999256
    3.990000    0.000000    0.999283
    4.000000    0.000000    0.999311
    4.010000    0.000000    0.999340
    4.020000    0.000000    0.999371
    4.030000    0.000000    0.999403
    4.040000    0.000000    0.999435
    4.050000    0.000000    0.999469
    4.060000    0.000000    0.999503
    4.070000    0.000000    0.999538
    4.080000    0.000000    0.999573
    4.090000    0.000000    0.999608
    4.100000    0.000000    0.999643
    4.110000    0.000000    0.999679
    4.120000    0.000000    0.999713
    4.130000    0.000000    0.999748
    4.140000    0.000000    0.999782
    4.150000    0.000000    0.999815
    4.160000    0.000000    0.999848
    4.170000    0.000000    0.999880
    4.180000    0.000000    0.999911
    4.190000    0.000000    0.999942
    4.200000    0.000000    0.999971
    4.210000    0.000000    0.999999
    4.220000    0.000000    1.000026
    4.230000    0.000000    1.000051
    4.240000    0.000000    1.000076
    4.250000    0.000000    1.000099
    4.260000    0.000000    1.000121
    4.270000    0.000000    1.000141
    4.280000    0.000000    1.000160
    4.290000    0.000000    1.000178
    4.300000    0.000000    1.000195
    4.310000    0.000000    1.000209
    4.320000    0.000000    1.000223
    4.330000    0.000000    1.000235
    4.340000    0.000000    1.000246
    4.350000    0.000000    1.000256
    4.360000    0.000000    1.000264
    4.370000    0.000000    1.000271
    4.380000    0.000000    1.000276
    4.390000    0.000000    1.000280
    4.400000    0.000000    1.000284
    4.410000    0.000000    1.000286
    4.420000    0.000000    1.000286
    4.430000    0.000000    1.000286
    4.440000    0.000000    1.000285
    4.450000    0.000000    1.000282
    4.460000    0.000000    1.000279
    4.470000    0.000000    1.000275
    4.480000    0.000000    1.000270
    4.490000    0.000000    1.000264
    4.500000    0.000000    1.000258
    4.510000    0.000000    1.000250
    4.520000    0.000000    1.000242
    4.530000    0.000000    1.000234
    4.540000    0.000000    1.000225
    4.550000    0.000000    1.000216
    4.560000    0.000000    1.000206
    4.570000    0.000000    1.000195
    4.580000    0.000000    1.000185
    4.590000    0.000000    1.000174
    4.600000    0.000000    1.000163
    4.610000    0.000000    1.000152
    4.620000    0.000000    1.000141
    4.630000    0.000000    1.000129
    4.640000    0.000000    1.000118
    4.650000    0.000000    1.000106
    4.660000    0.000000    1.000095
    4.670000    0.000000    1.000084
    4.680000    0.000000    1.000073
    4.690000    0.000000    1.000062
    4.700000    0.000000    1.000051
    4.710000    0.000000    1.000041
    4.720000    0.000000    1.000030
    4.730000    0.000000    1.000021
    4.740000    0.000000    1.000011
    4.750000    0.000000    1.000002
    4.760000    0.000000    0.999993
    4.770000    0.000000    0.999984
    4.780000    0.000000    0.999976
    4.790000    0.000000    0.999968
    4.800000    0.000000    0.999961
    4.810000    0.000000    0.999954
    4.820000    0.000000    0.999948
    4.830000    0.000000    0.999942
    4.840000    0.000000    0.999936
    4.850000    0.000000    0.999931
    4.860000    0.000000    0.999927
    4.870000    0.000000    0.999922
    4.880000    0.000000    0.999919
    4.890000    0.000000    0.999915
    4.900000    0.000000    0.999913
    4.910000    0.000000    0.999910
    4.920000    0.000000    0.999908
    4.930000    0.000000    0.999907
    4.940000    0.000000    0.999906
    4.950000    0.000000    0.999905
    4.960000    0.000000    0.999905
    4.970000    0.000000    0.999905
    4.980000    0.000000    0.999905
    4.990000    0.000000    0.999906
    5.000000    0.000000    0.999907
    5.010000    0.000000    0.999908
    5.020000    0.000000    0.999910
    5.030000    0.000000    0.999912
    5.040000    0.000000    0.999914
    5.050000    0.000000    0.999916
    5.060000    0.000000    0.999919
    5.070000    0.000000    0.999922
    5.080000    0.000000    0.999925
    5.090000    0.000000    0.999928
    5.100000    0.000000    0.999931
    5.110000    0.000000    0.999934
    5.120000    0.000000    0.999938
    5.130000    0.000000    0.999942
    5.140000    0.000000    0.999945
    5.150000    0.000000    0.999949
    5.160000    0.000000    0.999953
    5.170000    0.000000    0.999957
    5.180000    0.000000    0.999960
    5.190000    0.000000    0.999964
    5.200000    0.000000    0.999968
    5.210000    0.000000    0.999972
    5.220000    0.000000    0.999976
    5.230000    0.000000    0.999979
    5.240000    0.000000    0.999983
    5.250000    0.000000    0.999986
    5.260000    0.000000    0.999990
    5.270000    0.000000    0.999993
    5.280000    0.000000    0.999996
    5.290000    0.000000    0.999999
    5.300000    0.000000    1.000002
    5.310000    0.000000    1.000005
    5.320000    0.000000    1.000008
    5.330000    0.000000    1.000011
    5.340000    0.000000    1.000013
    5.350000    0.000000    1.000015
    5.360000    0.000000    1.000018
    5.370000    0.000000    1.000020
    5.380000    0.000000    1.000021
    5.390000    0.000000    1.000023
    5.400000    0.000000    1.000025
    5.410000    0.000000    1.000026
    5.420000    0.000000    1.000027
    5.430000    0.000000    1.000028
    5.440000    0.000000    1.000029
    5.450000    0.000000    1.000030
    5.460000    0.000000    1.000031
    5.470000    0.000000    1.000031
    5.480000    0.000000    1.000032
    5.490000    0.000000    1.000032
    5.500000    0.000000    1.000032
    5.510000    0.000000    1.000032
    5.520000    0.000000    1.000032
    5.530000    0.000000    1.000032
    5.540000    0.000000    1.000031
    5.550000    0.000000    1.000031
    5.560000    0.000000    1.000030
    5.570000    0.000000    1.000030
    5.580000    0.000000    1.000029
    5.590000    0.000000    1.000028
    5.600000    0.000000    1.000027
    5.610000    0.000000    1.000026
    5.620000    0.000000    1.000025
    5.630000    0.000000    1.000024
    5.640000    0.000000    1.000023
    5.650000    0.000000    1.000022
    5.660000    0.000000    1.000021
    5.670000    0.000000    1.000020
    5.680000    0.000000    1.000019
    5.690000    0.000000    1.000017
    5.700000    0.000000    1.000016
    5.710000    0.000000    1.000015
    5.720000    0.000000    1.000013
    5.730000    0.000000    1.000012
    5.740000    0.000000    1.000011
    5.750000    0.000000    1.000010
    5.760000    0.000000    1.000008
    5.770000    0.000000    1.000007
    5.780000    0.000000    1.000006
    5.790000    0.000000    1.000005
    5.800000    0.000000    1.000004
    5.810000    0.000000    1.000002
    5.820000    0.000000    1.000001
    5.830000    0.000000    1.000000
    5.840000    0.000000    0.999999
    5.850000    0.000000    0.999998
    5.860000    0.000000    0.999997
    5.870000    0.000000    0.999996
    5.880000    0.000000    0.999996
    5.890000    0.000000    0.999995
    5.900000    0.000000    0.999994
    5.910000    0.000000    0.999993
    5.920000    0.000000    0.999993
    5.930000    0.000000    0.999992
    5.940000    0.000000    0.999992
    5.950000    0.000000    0.999991
    5.960000    0.000000    0.999991
    5.970000    0.000000    0.999990
    5.980000    0.000000    0.999990
    5.990000    0.000000    0.999990
    6.000000    0.000000    0.999990
    6.010000    0.000000    0.999989
    6.020000    0.000000    0.999989
    6.030000    0.000000    0.999989
    6.040000    0.000000    0.999989
    6.050000    0.000000    0.999989
    6.060000    0.000000    0.999989
    6.070000    0.000000    0.999989
    6.080000    0.000000    0.999989
    6.090000    0.000000    0.999989
    6.100000    0.000000    0.999990
    6.110000    0.000000    0.999990
    6.120000    0.000000    0.999990
    6.130000    0.000000    0.999990
    6.140000    0.000000    0.999991
    6.150000    0.000000    0.999991
    6.160000    0.000000    0.999991
    6.170000    0.000000    0.999992
    6.180000    0.000000    0.999992
    6.190000    0.000000    0.999992
    6.200000    0.000000    0.999993
    6.210000    0.000000    0.999993
    6.220000    0.000000    0.999994
    6.230000    0.000000    0.999994
    6.240000    0.000000    0.999995
    6.250000    0.000000    0.999995
    6.260000    0.000000    0.999995
    6.270000    0.000000    0.999996
    6.280000    0.000000    0.999996
    6.290000    0.000000    0.999997
    6.300000    0.000000    0.999997
    6.310000    0.000000    0.999998
    6.320000    0.000000    0.999998
    6.330000    0.000000    0.999998
    6.340000    0.000000    0.999999
    6.350000    0.000000    0.999999
    6.360000    0.000000    1.000000
    6.370000    0.000000    1.000000
    6.380000    0.000000    1.000000
    6.390000    0.000000    1.000001
    6.400000    0.000000    1.000001
    6.410000    0.000000    1.000001
    6.420000    0.000000    1.000001
    6.430000    0.000000    1.000002
    6.440000    0.000000    1.000002
    6.450000    0.000000    1.000002
    6.460000    0.000000    1.000002
    6.470000    0.000000    1.000003
    6.480000    0.000000    1.000003
    6.490000    0.000000    1.000003
    6.500000    0.000000    1.000003
    6.510000    0.000000    1.000003
    6.520000    0.000000    1.000003
    6.530000    0.000000    1.000004
    6.540000    0.000000    1.000004
    6.550000    0.000000    1.000004
    6.560000    0.000000    1.000004
    6.570000    0.000000    1.000004
    6.580000    0.000000    1.000004
    6.590000    0.000000    1.000004
    6.600000    0.000000    1.000004
    6.610000    0.000000    1.000004
    6.620000    0.000000    1.000004
    6.630000    0.000000    1.000004
    6.640000    0.000000    1.000004
    6.650000    0.000000    1.000003
    6.660000    0.000000    1.000003
    6.670000    0.000000    1.000003
    6.680000    0.000000    1.000003
    6.690000    0.000000    1.000003
    6.700000    0.000000    1.000003
    6.710000    0.000000    1.000003
    6.720000    0.000000    1.000003
    6.730000    0.000000    1.000003
    6.740000    0.000000    1.000002
    6.750000    0.000000    1.000002
    6.760000    0.000000    1.000002
    6.770000    0.000000    1.000002
    6.780000    0.000000    1.000002
    6.790000    0.000000    1.000002
    6.800000    0.000000    1.000002
    6.810000    0.000000    1.000001
    6.820000    0.000000    1.000001
    6.830000    0.000000    1.000001
    6.840000    0.000000    1.000001
    6.850000    0.000000    1.000001
    6.860000    0.000000    1.000001
    6.870000    0.000000    1.000001
    6.880000    0.000000    1.000000
    6.890000    0.000000    1.000000
    6.900000    0.000000    1.000000
    6.910000    0.000000    1.000000
    6.920000    0.000000    1.000000
    6.930000    0.000000    1.000000
    6.940000    0.000000    1.000000
    6.950000    0.000000    1.000000
    6.960000    0.000000    0.999999
    6.970000    0.000000    0.999999
    6.980000    0.000000    0.999999
    6.990000    0.000000    0.999999
    7.000000    0.000000    0.999999
    7.010000    0.000000    0.999999
    7.020000    0.000000    0.999999
    7.030000    0.000000    0.999999
    7.040000    0.000000    0.999999
    7.050000    0.000000    0.999999
    7.060000    0.000000    0.999999
    7.070000    0.000000    0.999999
    7.080000    0.000000    0.999999
    7.090000    0.000000    0.999999
    7.100000    0.000000    0.999999
    7.110000    0.000000    0.999999
    7.120000    0.000000    0.999999
    7.130000    0.000000    0.999999
    7.140000    0.000000    0.999999
    7.150000    0.000000    0.999999
    7.160000    0.000000    0.999999
    7.170000    0.000000    0.999999
    7.180000    0.000000    0.999999
    7.190000    0.000000    0.999999
    7.200000    0.000000    0.999999
    7.210000    0.000000    0.999999
    7.220000    0.000000    0.999999
    7.230000    0.000000    0.999999
    7.240000    0.000000    0.999999
    7.250000    0.000000    0.999999
    7.260000    0.000000    0.999999
    7.270000    0.000000    0.999999
    7.280000    0.000000    0.999999
    7.290000    0.000000    0.999999
    7.300000    0.000000    0.999999
    7.310000    0.000000    0.999999
    7.320000    0.000000    0.999999
    7.330000    0.000000    0.999999
    7.340000    0.000000    0.999999
    7.350000    0.000000    1.000000
    7.360000    0.000000    1.000000
    7.370000    0.000000    1.000000
    7.380000    0.000000    1.000000
    7.390000    0.000000    1.000000
    7.400000    0.000000    1.000000
    7.410000    0.000000    1.000000
    7.420000    0.000000    1.000000
    7.430000    0.000000    1.000000
    7.440000    0.000000    1.000000
    7.450000    0.000000    1.000000
    7.460000    0.000000    1.000000
    7.470000    0.000000    1.000000
    7.480000    0.000000    1.000000
    7.490000    0.000000    1.000000
    7.500000    0.000000    1.000000
    7.510000    0.000000    1.000000
    7.520000    0.000000    1.000000
    7.530000    0.000000    1.000000
    7.540000    0.000000    1.000000
    7.550000    0.000000    1.000000
    7.560000    0.000000    1.000000
    7.570000    0.000000    1.000000
    7.580000    0.000000    1.000000
    7.590000    0.000000    1.000000
    7.600000    0.000000    1.000000
    7.610000    0.000000    1.000000
    7.620000    0.000000    1.000000
    7.630000    0.000000    1.000000
    7.640000    0.000000    1.000000
    7.650000    0.000000    1.000000
    7.660000    0.000000    1.000000
    7.670000    0.000000    1.000000
    7.680000    0.000000    1.000000
    7.690000    0.000000    1.000000
    7.700000    0.000000    1.000000
    7.710000    0.000000    1.000000
    7.720000    0.000000    1.000000
    7.730000    0.000000    1.000000
    7.740000    0.000000    1.000000
    7.750000    0.000000    1.000000
    7.760000    0.000000    1.000000
    7.770000    0.000000    1.000000
    7.780000    0.000000    1.000000
    7.790000    0.000000    1.000000
    7.800000    0.000000    1.000000
    7.810000    0.000000    1.000000
    7.820000    0.000000    1.000000
    7.830000    0.000000    1.000000
    7.840000    0.000000    1.000000
    7.850000    0.000000    1.000000
    7.860000    0.000000    1.000000
    7.870000    0.000000    1.000000
    7.880000    0.000000    1.000000
    7.890000    0.000000    1.000000
    7.900000    0.000000    1.000000
    7.910000    0.000000    1.000000
    7.920000    0.000000    1.000000
    7.930000    0.000000    1.000000
    7.940000    0.000000    1.000000
    7.950000    0.000000    1.000000
    7.960000    0.000000    1.000000
    7.970000    0.000000    1.000000
    7.980000    0.000000    1.000000
    7.990000    0.000000    1.000000
    8.000000    0.000000    1.000000
    8.010000    0.000000    1.000000
    8.020000    0.000000    1.000000
    8.030000    0.000000    1.000000
    8.040000    0.000000    1.000000
    8.050000    0.000000    1.000000
    8.060000    0.000000    1.000000
    8.070000    0.000000    1.000000
    8.080000    0.000000    1.000000
    8.090000    0.000000    1.000000
    8.100000    0.000000    1.000000
    8.110000    0.000000    1.000000
    8.120000    0.000000    1.000000
    8.130000    0.000000    1.000000
    8.140000    0.000000    1.000000
    8.150000    0.000000    1.000000
    8.160000    0.000000    1.000000
    8.170000    0.000000    1.000000
    8.180000    0.000000    1.000000
    8.190000    0.000000    1.000000
    8.200000    0.000000    1.000000
    8.210000    0.000000    1.000000
    8.220000    0.000000    1.000000
    8.230000    0.000000    1.000000
    8.240000    0.000000    1.000000
    8.250000    0.000000    1.000000
    8.260000    0.000000    1.000000
    8.270000    0.000000    1.000000
    8.280000    0.000000    1.000000
    8.290000    0.000000    1.000000
    8.300000    0.000000    1.000000
    8.310000    0.000000    1.000000
    8.320000    0.000000    1.000000
    8.330000    0.000000    1.000000
    8.340000    0.000000    1.000000
    8.350000    0.000000    1.000000
    8.360000    0.000000    1.000000
    8.370000    0.000000    1.000000
    8.380000    0.000000    1.000000
    8.390000    0.000000    1.000000
    8.400000    0.000000    1.000000
    8.410000    0.000000    1.000000
    8.420000    0.000000    1.000000
    8.430000    0.000000    1.000000
    8.440000    0.000000    1.000000
    8.450000    0.000000    1.000000
    8.460000    0.000000    1.000000
    8.470000    0.000000    1.000000
    8.480000    0.000000    1.000000
    8.490000    0.000000    1.000000
    8.500000    0.000000    1.000000
    8.510000    0.000000    1.000000
    8.520000    0.000000    1.000000
    8.530000    0.000000    1.000000
    8.540000    0.000000    1.000000
    8.550000    0.000000    1.000000
    8.560000    0.000000    1.000000
    8.570000    0.000000    1.000000
    8.580000    0.000000    1.000000
    8.590000    0.000000    1.000000
    8.600000    0.000000    1.000000
    8.610000    0.000000    1.000000
    8.620000    0.000000    1.000000
    8.630000    0.000000    1.000000
    8.640000    0.000000    1.000000
    8.650000    0.000000    1.000000
    8.660000    0.000000    1.000000
    8.670000    0.000000    1.000000
    8.680000    0.000000    1.000000
    8.690000    0.000000    1.000000
    8.700000    0.000000    1.000000
    8.710000    0.000000    1.000000
    8.720000    0.000000    1.000000
    8.730000    0.000000    1.000000
    8.740000    0.000000    1.000000
    8.750000    0.000000    1.000000
    8.760000    0.000000    1.000000
    8.770000    0.000000    1.000000
    8.780000    0.000000    1.000000
    8.790000    0.000000    1.000000
    8.800000    0.000000    1.000000
    8.810000    0.000000    1.000000
    8.820000    0.000000    1.000000
    8.830000    0.000000    1.000000
    8.840000    0.000000    1.000000
    8.850000    0.000000    1.000000
    8.860000    0.000000    1.000000
    8.870000    0.000000    1.000000
    8.880000    0.000000    1.000000
    8.890000    0.000000    1.000000
    8.900000    0.000000    1.000000
    8.910000    0.000000    1.000000
    8.920000    0.000000    1.000000
    8.930000    0.000000    1.000000
    8.940000    0.000000    1.000000
    8.950000    0.000000    1.000000
    8.960000    0.000000    1.000000
    8.970000    0.000000    1.000000
    8.980000    0.000000    1.000000
    8.990000    0.000000    1.000000
    9.000000    0.000000    1.000000
    9.010000    0.000000    1.000000
    9.020000    0.000000    1.000000
    9.030000    0.000000    1.000000
    9.040000    0.000000    1.000000
    9.050000    0.000000    1.000000
    9.060000    0.000000    1.000000
    9.070000    0.000000    1.000000
    9.080000    0.000000    1.000000
    9.090000    0.000000    1.000000
    9.100000    0.000000    1.000000
    9.110000    0.000000    1.000000
    9.120000    0.000000    1.000000
    9.130000    0.000000    1.000000
    9.140000    0.000000    1.000000
    9.150000    0.000000    1.000000
    9.160000    0.000000    1.000000
    9.170000    0.000000    1.000000
    9.180000    0.000000    1.000000
    9.190000    0.000000    1.000000
    9.200000    0.000000    1.000000
    9.210000    0.000000    1.000000
    9.220000    0.000000    1.000000
    9.230000    0.000000    1.000000
    9.240000    0.000000    1.000000
    9.250000    0.000000    1.000000
    9.260000    0.000000    1.000000
    9.270000    0.000000    1.000000
    9.280000    0.000000    1.000000
    9.290000    0.000000    1.000000
    9.300000    0.000000    1.000000
    9.310000    0.000000    1.000000
    9.320000    0.000000    1.000000
    9.330000    0.000000    1.000000
    9.340000    0.000000    1.000000
    9.350000    0.000000    1.000000
    9.360000    0.000000    1.000000
    9.370000    0.000000    1.000000
    9.380000    0.000000    1.000000
    9.390000    0.000000    1.000000
    9.400000    0.000000    1.000000
    9.410000    0.000000    1.000000
    9.420000    0.000000    1.000000
    9.430000    0.000000    1.000000
    9.440000    0.000000    1.000000
    9.450000    0.000000    1.000000
    9.460000    0.000000    1.000000
    9.470000    0.000000    1.000000
    9.480000    0.000000    1.000000
    9.490000    0.000000    1.000000
    9.500000    0.000000    1.000000
    9.510000    0.000000    1.000000
    9.520000    0.000000    1.000000
    9.530000    0.000000    1.000000
    9.540000    0.000000    1.000000
    9.550000    0.000000    1.000000
    9.560000    0.000000    1.000000
    9.570000    0.000000    1.000000
    9.580000    0.000000    1.000000
    9.590000    0.000000    1.000000
    9.600000    0.000000    1.000000
    9.610000    0.000000    1.000000
    9.620000    0.000000    1.000000
    9.630000    0.000000    1.000000
    9.640000    0.000000    1.000000
    9.650000    0.000000    1.000000
    9.660000    0.000000    1.000000
    9.670000    0.000000    1.000000
    9.680000    0.000000    1.000000
    9.690000    0.000000    1.000000
    9.700000    0.000000    1.000000
    9.710000    0.000000    1.000000
    9.720000    0.000000    1.000000
    9.730000    0.000000    1.000000
    9.740000    0.000000    1.000000
    9.750000    0.000000    1.000000
    9.760000    0.000000    1.000000
    9.770000    0.000000    1.000000
    9.780000    0.000000    1.000000
    9.790000    0.000000    1.000000
    9.800000    0.000000    1.000000
    9.810000    0.000000    1.000000
    9.820000    0.000000    1.000000
    9.830000    0.000000    1.000000
    9.840000    0.000000    1.000000
    9.850000    0.000000    1.000000
    9.860000    0.000000    1.000000
    9.870000    0.000000    1.000000
    9.880000    0.000000    1.000000
    9.890000    0.000000    1.000000
    9.900000    0.000000    1.000000
    9.910000    0.000000    1.000000
    9.920000    0.000000    1.000000
    9.930000    0.000000    1.000000
    9.940000    0.000000    1.000000
    9.950000    0.000000    1.000000
    9.960000    0.000000    1.000000
    9.970000    0.000000    1.000000
    9.980000    0.000000    1.000000
    9.990000    0.000000    1.000000
   10.000000    0.000000    1.000000
