#          r        u(r)        g(r)
    0.010000         inf    0.000000
    0.020000         inf    0.000000
    0.030000         inf    0.000000
    0.040000         inf    0.000000
    0.050000         inf    0.000000
    0.060000         inf    0.000000
    0.070000         inf    0.000000
    0.080000         inf    0.000000
    0.090000         inf    0.000000
    0.100000         inf    0.000000
    0.110000         inf    0.000000
    0.120000         inf    0.000000
    0.130000         inf    0.000000
    0.140000         inf    0.000000
    0.150000         inf    0.000000
    0.160000         inf    0.000000
    0.170000         inf    0.000000
    0.180000         inf    0.000000
    0.190000         inf    0.000000
    0.200000         inf    0.000000
    0.210000         inf    0.000000
    0.220000         inf    0.000000
    0.230000         inf    0.000000
    0.240000         inf    0.000000
    0.250000         inf    0.000000
    0.260000         inf    0.000000
    0.270000         inf    0.000000
    0.280000         inf    0.000000
    0.290000         inf    0.000000
    0.300000         inf    0.000000
    0.310000         inf    0.000000
    0.320000         inf    0.000000
    0.330000         inf    0.000000
    0.340000         inf    0.000000
    0.350000         inf    0.000000
    0.360000         inf    0.000000
    0.370000         inf    0.000000
    0.380000         inf    0.000000
    0.390000         inf    0.000000
    0.400000         inf    0.000000
    0.410000         inf    0.000000
    0.420000         inf    0.000000
    0.430000         inf    0.000000
    0.440000         inf    0.000000
    0.450000         inf    0.000000
    0.460000         inf    0.000000
    0.470000         inf    0.000000
    0.480000         inf    0.000000
    0.490000         inf    0.000000
    0.500000         inf    0.000000
    0.510000         inf    0.000000
    0.520000         inf    0.000000
    0.530000         inf    0.000000
    0.540000         inf    0.000000
    0.550000         inf    0.000000
    0.560000         inf    0.000000
    0.570000         inf    0.000000
    0.580000         inf    0.000000
    0.590000         inf    0.000000
    0.600000         inf    0.000000
    0.610000         inf    0.000000
    0.620000         inf    0.000000
    0.630000         inf    0.000000
    0.640000         inf    0.000000
    0.650000         inf    0.000000
    0.660000         inf    0.000000
    0.670000         inf    0.000000
    0.680000         inf    0.000000
    0.690000         inf    0.000000
    0.700000         inf    0.000000
    0.710000         inf    0.000000
    0.720000         inf    0.000000
    0.730000         inf    0.000000
    0.740000         inf    0.000000
    0.750000         inf    0.000000
    0.760000         inf    0.000000
    0.770000         inf    0.000000
    0.780000         inf    0.000000
    0.790000         inf    0.000000
    0.800000         inf    0.000000
    0.810000         inf    0.000000
    0.820000         inf    0.000000
    0.830000         inf    0.000000
    0.840000         inf    0.000000
    0.850000         inf    0.000000
    0.860000         inf    0.000000
    0.870000         inf    0.000000
    0.880000         inf    0.000000
    0.890000         inf    0.000000
    0.900000         inf    0.000000
    0.910000         inf    0.000000
    0.920000         inf    0.000000
    0.930000         inf    0.000000
    0.940000         inf    0.000000
    0.950000         inf    0.000000
    0.960000         inf    0.000000
    0.970000         inf    0.000000
    0.980000         inf    0.000000
    0.990000         inf    0.000000
    1.000000    0.000000    2.304098
    1.010000    0.000000    2.244376
    1.020000    0.000000    2.187569
    1.030000    0.000000    2.133426
    1.040000    0.000000    2.081723
    1.050000    0.000000    2.032265
    1.060000    0.000000    1.984878
    1.070000    0.000000    1.939410
    1.080000    0.000000    1.895725
    1.090000    0.000000    1.853703
    1.100000    0.000000    1.813238
    1.110000    0.000000    1.774235
    1.120000    0.000000    1.736611
    1.130000    0.000000    1.700290
    1.140000    0.000000    1.665205
    1.150000    0.000000    1.631297
    1.160000    0.000000    1.598512
    1.170000    0.000000    1.566802
    1.180000    0.000000    1.536123
    1.190000    0.000000    1.506437
    1.200000    0.000000    1.477707
    1.210000    0.000000    1.449902
    1.220000    0.000000    1.422991
    1.230000    0.000000    1.396947
    1.240000    0.000000    1.371746
    1.250000    0.000000    1.347365
    1.260000    0.000000    1.323781
    1.270000    0.000000    1.300976
    1.280000    0.000000    1.278930
    1.290000    0.000000    1.257627
    1.300000    0.000000    1.237049
    1.310000    0.000000    1.217180
    1.320000    0.000000    1.198007
    1.330000    0.000000    1.179515
    1.340000    0.000000    1.161690
    1.350000    0.000000    1.144520
    1.360000    0.000000    1.127992
    1.370000    0.000000    1.112093
    1.380000    0.000000    1.096813
    1.390000    0.000000    1.082139
    1.400000    0.000000    1.068061
    1.410000    0.000000    1.054568
    1.420000    0.000000    1.041649
    1.430000    0.000000    1.029295
    1.440000    0.000000    1.017494
    1.450000    0.000000    1.006238
    1.460000    0.000000    0.995517
    1.470000    0.000000    0.985320
    1.480000    0.000000    0.975640
    1.490000    0.000000    0.966466
    1.500000    0.000000    0.957789
    1.510000    0.000000    0.949602
    1.520000    0.000000    0.941894
    1.530000    0.000000    0.934658
    1.540000    0.000000    0.927885
    1.550000    0.000000    0.921566
    1.560000    0.000000    0.915694
    1.570000    0.000000    0.910260
    1.580000    0.000000    0.905256
    1.590000    0.000000    0.900675
    1.600000    0.000000    0.896509
    1.610000    0.000000    0.892750
    1.620000    0.000000    0.889392
    1.630000    0.000000    0.886425
    1.640000    0.000000    0.883844
    1.650000    0.000000    0.881641
    1.660000    0.000000    0.879809
    1.670000    0.000000    0.878341
    1.680000    0.000000    0.877231
    1.690000    0.000000    0.876472
    1.700000    0.000000    0.876058
    1.710000    0.000000    0.875982
    1.720000    0.000000    0.876237
    1.730000    0.000000    0.876819
    1.740000    0.000000    0.877720
    1.750000    0.000000    0.878935
    1.760000    0.000000    0.880458
    1.770000    0.000000    0.882283
    1.780000    0.000000    0.884405
    1.790000    0.000000    0.886819
    1.800000    0.000000    0.889520
    1.810000    0.000000    0.892501
    1.820000    0.000000    0.895758
    1.830000    0.000000    0.899286
    1.840000    0.000000    0.903081
    1.850000    0.000000    0.907138
    1.860000    0.000000    0.911451
    1.870000    0.000000    0.916017
    1.880000    0.000000    0.920831
    1.890000    0.000000    0.925889
    1.900000    0.000000    0.931188
    1.910000    0.000000    0.936722
    1.920000    0.000000    0.942488
    1.930000    0.000000    0.948483
    1.940000    0.000000    0.954702
    1.950000    0.000000    0.961142
    1.960000    0.000000    0.967800
    1.970000    0.000000    0.974673
    1.980000    0.000000    0.981756
    1.990000    0.000000    0.989048
    2.000000    0.000000    0.996544
    2.010000    0.000000    1.003805
    2.020000    0.000000    1.010416
    2.030000    0.000000    1.016413
    2.040000    0.000000    1.021831
    2.050000    0.000000    1.026702
    2.060000    0.000000    1.031057
    2.070000    0.000000    1.034924
    2.080000    0.000000    1.038332
    2.090000    0.000000    1.041307
    2.100000    0.000000    1.043874
    2.110000    0.000000    1.046058
    2.120000    0.000000    1.047880
    2.130000    0.000000    1.049364
    2.140000    0.000000    1.050530
    2.150000    0.000000    1.051398
    2.160000    0.000000    1.051988
    2.170000    0.000000    1.052318
    2.180000    0.000000    1.052406
    2.190000    0.000000    1.052269
    2.200000    0.000000    1.051923
    2.210000    0.000000    1.051384
    2.220000    0.000000    1.050667
    2.230000    0.000000    1.049786
    2.240000    0.000000    1.048756
    2.250000    0.000000    1.047589
    2.260000    0.000000    1.046298
    2.270000    0.000000    1.044895
    2.280000    0.000000    1.043393
    2.290000    0.000000    1.041801
    2.300000    0.000000    1.040132
    2.310000    0.000000    1.038394
    2.320000    0.000000    1.036598
    2.330000    0.000000    1.034754
    2.340000    0.000000    1.032869
    2.350000    0.000000    1.030952
    2.360000    0.000000    1.029012
    2.370000    0.000000    1.027057
    2.380000    0.000000    1.025092
    2.390000    0.000000    1.023125
    2.400000    0.000000    1.021163
    2.410000    0.000000    1.019212
    2.420000    0.000000    1.017278
    2.430000    0.000000    1.015365
    2.440000    0.000000    1.013479
    2.450000    0.000000    1.011625
    2.460000    0.000000    1.009808
    2.470000    0.000000    1.008031
    2.480000    0.000000    1.006298
    2.490000    0.000000    1.004613
    2.500000    0.000000    1.002979
    2.510000    0.000000    1.001399
    2.520000    0.000000    0.999875
    2.530000    0.000000    0.998412
    2.540000    0.000000    0.997009
    2.550000    0.000000    0.995670
    2.560000    0.000000    0.994397
    2.570000    0.000000    0.993190
    2.580000    0.000000    0.992050
    2.590000    0.000000    0.990980
    2.600000    0.000000    0.989980
    2.610000    0.000000    0.989050
    2.620000    0.000000    0.988191
    2.630000    0.000000    0.987403
    2.640000    0.000000    0.986686
    2.650000    0.000000    0.986040
    2.660000    0.000000    0.985465
    2.670000    0.000000    0.984960
    2.680000    0.000000    0.984525
    2.690000    0.000000    0.984158
    2.700000    0.000000    0.983860
    2.710000    0.000000    0.983628
    2.720000    0.000000    0.983462
    2.730000    0.000000    0.983359
    2.740000    0.000000    0.983320
    2.750000    0.000000    0.983341
    2.760000    0.000000    0.983422
    2.770000    0.000000    0.983560
    2.780000    0.000000    0.983754
    2.790000    0.000000    0.984001
    2.800000    0.000000    0.984299
    2.810000    0.000000    0.984646
    2.820000    0.000000    0.985039
    2.830000    0.000000    0.985477
    2.840000    0.000000    0.985955
    2.850000    0.000000    0.986473
    2.860000    0.000000    0.987026
    2.870000    0.000000    0.987613
    2.880000    0.000000    0.988229
    2.890000    0.000000    0.988874
    2.900000    0.000000    0.989542
    2.910000    0.000000    0.990231
    2.920000    0.000000    0.990939
    2.930000    0.000000    0.991661
    2.940000    0.000000    0.992395
    2.950000    0.000000    0.993137
    2.960000    0.000000    0.993883
    2.970000    0.000000    0.994631
    2.980000    0.000000    0.995377
    2.990000    0.000000    0.996117
    3.000000    0.000000    0.996848
    3.010000    0.000000    0.997566
    3.020000    0.000000    0.998267
    3.030000    0.000000    0.998949
    3.040000    0.000000    0.999609
    3.050000    0.000000    1.000245
    3.060000    0.000000    1.000854
    3.070000    0.000000    1.001435
    3.080000    0.000000    1.001986
    3.090000    0.000000    1.002506
    3.100000    0.000000    1.002995
    3.110000    0.000000    1.003451
    3.120000    0.000000    1.003874
    3.130000    0.000000    1.004264
    3.140000    0.000000    1.004620
    3.150000    0.000000    1.004943
    3.160000    0.000000    1.005232
    3.170000    0.000000    1.005488
    3.180000    0.000000    1.005712
    3.190000    0.000000    1.005903
    3.200000    0.000000    1.006063
    3.210000    0.000000    1.006193
    3.220000    0.000000    1.006292
    3.230000    0.000000    1.006363
    3.240000    0.000000    1.006406
    3.250000    0.000000    1.006422
    3.260000    0.000000    1.006413
    3.270000    0.000000    1.006378
    3.280000    0.000000    1.006321
    3.290000    0.000000    1.006241
    3.300000    0.000000    1.006140
    3.310000    0.000000    1.006020
    3.320000    0.000000    1.005881
    3.330000    0.000000    1.005726
    3.340000    0.000000    1.005554
    3.350000    0.000000    1.005368
    3.360000    0.000000    1.005169
    3.370000    0.000000    1.004958
    3.380000    0.000000    1.004736
    3.390000    0.000000    1.004505
    3.400000    0.000000    1.004266
    3.410000    0.000000    1.004020
    3.420000    0.000000    1.003768
    3.430000    0.000000    1.003511
    3.440000    0.000000    1.003251
    3.450000    0.000000    1.002989
    3.460000    0.000000    1.002725
    3.470000    0.000000    1.002461
    3.480000    0.000000    1.002197
    3.490000    0.000000    1.001935
    3.500000    0.000000    1.001676
    3.510000    0.000000    1.001419
    3.520000    0.000000    1.001167
    3.530000    0.000000    1.000920
    3.540000    0.000000    1.000678
    3.550000    0.000000    1.000443
    3.560000    0.000000    1.000214
    3.570000    0.000000    0.999993
    3.580000    0.000000    0.999780
    3.590000    0.000000    0.999575
    3.600000    0.000000    0.999379
    3.610000    0.000000    0.999193
    3.620000    0.000000    0.999016
    3.630000    0.000000    0.998849
    3.640000    0.000000    0.998693
    3.650000    0.000000    0.998546
    3.660000    0.000000    0.998411
    3.670000    0.000000    0.998286
    3.680000    0.000000    0.998171
    3.690000    0.000000    0.998068
    3.700000    0.000000    0.997976
    3.710000    0.000000    0.997894
    3.720000    0.000000    0.997823
    3.730000    0.000000    0.997763
    3.740000    0.000000    0.997714
    3.750000    0.000000    0.997674
    3.760000    0.000000    0.997645
    3.770000    0.000000    0.997626
    3.780000    0.000000    0.997617
    3.790000    0.000000    0.997616
    3.800000    0.000000    0.997625
    3.810000    0.000000    0.997643
    3.820000    0.000000    0.997669
    3.830000    0.000000    0.997704
    3.840000    0.000000    0.997745
    3.850000    0.000000    0.997794
    3.860000    0.000000    0.997850
    3.870000    0.000000    0.997913
    3.880000    0.000000    0.997981
    3.890000    0.000000    0.998054
    3.900000    0.000000    0.998133
    3.910000    0.000000    0.998216
    3.920000    0.000000    0.998303
    3.930000    0.000000    0.998394
    3.940000    0.000000    0.998488
    3.950000    0.000000    0.998585
    3.960000    0.000000    0.998683
    3.970000    0.000000    0.998784
    3.980000    0.000000    0.998886
    3.990000    0.000000    0.998988
    4.000000    0.000000    0.999091
    4.010000    0.000000    0.999194
    4.020000    0.000000    0.999296
    4.030000    0.000000    0.999397
    4.040000    0.000000    0.999497
    4.050000    0.000000    0.999596
    4.060000    0.000000    0.999692
    4.070000    0.000000    0.999787
    4.080000    0.000000    0.999878
    4.090000    0.000000    0.999967
    4.100000    0.000000    1.000053
    4.110000    0.000000    1.000135
    4.120000    0.000000    1.000214
    4.130000    0.000000    1.000289
    4.140000    0.000000    1.000361
    4.150000    0.000000    1.000428
    4.160000    0.000000    1.000491
    4.170000    0.000000    1.000550
    4.180000    0.000000    1.000605
    4.190000    0.000000    1.000656
    4.200000    0.000000    1.000702
    4.210000    0.000000    1.000743
    4.220000    0.000000    1.000780
    4.230000    0.000000    1.000813
    4.240000    0.000000    1.000842
    4.250000    0.000000    1.000866
    4.260000    0.000000    1.000886
    4.270000    0.000000    1.000902
    4.280000    0.000000    1.000914
    4.290000    0.000000    1.000921
    4.300000    0.000000    1.000925
    4.310000    0.000000    1.000926
    4.320000    0.000000    1.000922
    4.330000    0.000000    1.000916
    4.340000    0.000000    1.000906
    4.350000    0.000000    1.000893
    4.360000    0.000000    1.000877
    4.370000    0.000000    1.000858
    4.380000    0.000000    1.000836
    4.390000    0.000000    1.000813
    4.400000    0.000000    1.000786
    4.410000    0.000000    1.000758
    4.420000    0.000000    1.000728
    4.430000    0.000000    1.000696
    4.440000    0.000000    1.000663
    4.450000    0.000000    1.000628
    4.460000    0.000000    1.000593
    4.470000    0.000000    1.000556
    4.480000    0.000000    1.000518
    4.490000    0.000000    1.000480
    4.500000    0.000000    1.000441
    4.510000    0.000000    1.000402
    4.520000    0.000000    1.000363
    4.530000    0.000000    1.000324
    4.540000    0.000000    1.000285
    4.550000    0.000000    1.000246
    4.560000    0.000000    1.000208
    4.570000    0.000000    1.000170
    4.580000    0.000000    1.000133
    4.590000    0.000000    1.000097
    4.600000    0.000000    1.000061
    4.610000    0.000000    1.000027
    4.620000    0.000000    0.999993
    4.630000    0.000000    0.999961
    4.640000    0.000000    0.999931
    4.650000    0.000000    0.999901
    4.660000    0.000000    0.999873
    4.670000    0.000000    0.999846
    4.680000    0.000000    0.999821
    4.690000    0.000000    0.999798
    4.700000    0.000000    0.999776
    4.710000    0.000000    0.999755
    4.720000    0.000000    0.999737
    4.730000    0.000000    0.999720
    4.740000    0.000000    0.999704
    4.750000    0.000000    0.999690
    4.760000    0.000000    0.999678
    4.770000    0.000000    0.999668
    4.780000    0.000000    0.999659
    4.790000    0.000000    0.999652
    4.800000    0.000000    0.999646
    4.810000    0.000000    0.999642
    4.820000    0.000000    0.999640
    4.830000    0.000000    0.999639
    4.840000    0.000000    0.999639
    4.850000    0.000000    0.999641
    4.860000    0.000000    0.999644
    4.870000    0.000000    0.999648
    4.880000    0.000000    0.999654
    4.890000    0.000000    0.999660
    4.900000    0.000000    0.999668
    4.910000    0.000000    0.999677
    4.920000    0.000000    0.999686
    4.930000    0.000000    0.999697
    4.940000    0.000000    0.999708
    4.950000    0.000000    0.999720
    4.960000    0.000000    0.999733
    4.970000    0.000000    0.999746
    4.980000    0.000000    0.999760
    4.990000    0.000000    0.999774
    5.000000    0.000000    0.999789
    5.010000    0.000000    0.999804
    5.020000    0.000000    0.999819
    5.030000    0.000000    0.999835
    5.040000    0.000000    0.999850
    5.050000    0.000000    0.999866
    5.060000    0.000000    0.999881
    5.070000    0.000000    0.999896
    5.080000    0.000000    0.999912
    5.090000    0.000000    0.999927
    5.100000    0.000000    0.999942
    5.110000    0.000000    0.999956
    5.120000    0.000000    0.999970
    5.130000    0.000000    0.999984
    5.140000    0.000000    0.999998
    5.150000    0.000000    1.000010
    5.160000    0.000000    1.000023
    5.170000    0.000000    1.000035
    5.180000    0.000000    1.000046
    5.190000    0.000000    1.000057
    5.200000    0.000000    1.000067
    5.210000    0.000000    1.000077
    5.220000    0.000000    1.000086
    5.230000    0.000000    1.000094
    5.240000    0.000000    1.000102
    5.250000    0.000000    1.000109
    5.260000    0.000000    1.000115
    5.270000    0.000000    1.000121
    5.280000    0.000000    1.000126
    5.290000    0.000000    1.000130
    5.300000    0.000000    1.000134
    5.310000    0.000000    1.000137
    5.320000    0.000000    1.000139
    5.330000    0.000000    1.000141
    5.340000    0.000000    1.000142
    5.350000    0.000000    1.000143
    5.360000    0.000000    1.000143
    5.370000    0.000000    1.000143
    5.380000    0.000000    1.000142
    5.390000    0.000000    1.000140
    5.400000    0.000000    1.000138
    5.410000    0.000000    1.000136
    5.420000    0.000000    1.000133
    5.430000    0.000000    1.000129
    5.440000    0.000000    1.000126
    5.450000    0.000000    1.000122
    5.460000    0.000000    1.000117
    5.470000    0.000000    1.000113
    5.480000    0.000000    1.000108
    5.490000    0.000000    1.000103
    5.500000    0.000000    1.000097
    5.510000    0.000000    1.000092
    5.520000    0.000000    1.000086
    5.530000    0.000000    1.000080
    5.540000    0.000000    1.000074
    5.550000    0.000000    1.000068
    5.560000    0.000000    1.000062
    5.570000    0.000000    1.000056
    5.580000    0.000000    1.000050
    5.590000    0.000000    1.000044
    5.600000    0.000000    1.000037
    5.610000    0.000000    1.000031
    5.620000    0.000000    1.000026
    5.630000    0.000000    1.000020
    5.640000    0.000000    1.000014
    5.650000    0.000000    1.000008
    5.660000    0.000000    1.000003
    5.670000    0.000000    0.999998
    5.680000    0.000000    0.999993
    5.690000    0.000000    0.999988
    5.700000    0.000000    0.999983
    5.710000    0.000000    0.999979
    5.720000    0.000000    0.999975
    5.730000    0.000000    0.999971
    5.740000    0.000000    0.999967
    5.750000    0.000000    0.999964
    5.760000    0.000000    0.999961
    5.770000    0.000000    0.999958
    5.780000    0.000000    0.999955
    5.790000    0.000000    0.999953
    5.800000    0.000000    0.999951
    5.810000    0.000000    0.999949
    5.820000    0.000000    0.999947
    5.830000    0.000000    0.999946
    5.840000    0.000000    0.999945
    5.850000    0.000000    0.999944
    5.860000    0.000000    0.999943
    5.870000    0.000000    0.999943
    5.880000    0.000000    0.999943
    5.890000    0.000000    0.999943
    5.900000    0.000000    0.999943
    5.910000    0.000000    0.999944
    5.920000    0.000000    0.999944
    5.930000    0.000000    0.999945
    5.940000    0.000000    0.999946
    5.950000    0.000000    0.999948
    5.960000    0.000000    0.999949
    5.970000    0.000000    0.999951
    5.980000    0.000000    0.999952
    5.990000    0.000000    0.999954
    6.000000    0.000000    0.999956
    6.010000    0.000000    0.999958
    6.020000    0.000000    0.999960
    6.030000    0.000000    0.999962
    6.040000    0.000000    0.999965
    6.050000    0.000000    0.999967
    6.060000    0.000000    0.999969
    6.070000    0.000000    0.999972
    6.080000    0.000000    0.999974
    6.090000    0.000000    0.999977
    6.100000    0.000000    0.999979
    6.110000    0.000000    0.999982
    6.120000    0.000000    0.999984
    6.130000    0.000000    0.999986
    6.140000    0.000000    0.999989
    6.150000    0.000000    0.999991
    6.160000    0.000000    0.999993
    6.170000    0.000000    0.999996
    6.180000    0.000000    0.999998
    6.190000    0.000000    1.000000
    6.200000    0.000000    1.000002
    6.210000    0.000000    1.000004
    6.220000    0.000000    1.000006
    6.230000    0.000000    1.000008
    6.240000    0.000000    1.000009
    6.250000    0.000000    1.000011
    6.260000    0.000000    1.000013
    6.270000    0.000000    1.000014
    6.280000    0.000000    1.000015
    6.290000    0.000000    1.000017
    6.300000    0.000000    1.000018
    6.310000    0.000000    1.000019
    6.320000    0.000000    1.000020
    6.330000    0.000000    1.000020
    6.340000    0.000000    1.000021
    6.350000    0.000000    1.000022
    6.360000    0.000000    1.000022
    6.370000    0.000000    1.000023
    6.380000    0.000000    1.000023
    6.390000    0.000000    1.000023
    6.400000    0.000000    1.000023
    6.410000    0.000000    1.000023
    6.420000    0.000000    1.000023
    6.430000    0.000000    1.000023
    6.440000    0.000000    1.000023
    6.450000    0.000000    1.000022
    6.460000    0.000000    1.000022
    6.470000    0.000000    1.000021
    6.480000    0.000000    1.000021
    6.490000    0.000000    1.000020
    6.500000    0.000000    1.000020
    6.510000    0.000000    1.000019
    6.520000    0.000000    1.000018
    6.530000    0.000000    1.000017
    6.540000    0.000000    1.000016
    6.550000    0.000000    1.000016
    6.560000    0.000000    1.000015
    6.570000    0.000000    1.000014
    6.580000    0.000000    1.000013
    6.590000    0.000000    1.000012
    6.600000    0.000000    1.000011
    6.610000    0.000000    1.000010
    6.620000    0.000000    1.000009
    6.630000    0.000000    1.000008
    6.640000    0.000000    1.000007
    6.650000    0.000000    1.000006
    6.660000    0.000000    1.000005
    6.670000    0.000000    1.000004
    6.680000    0.000000    1.000003
    6.690000    0.000000    1.000002
    6.700000    0.000000    1.000001
    6.710000    0.000000    1.000000
    6.720000    0.000000    0.999999
    6.730000    0.000000    0.999999
    6.740000    0.000000    0.999998
    6.750000    0.000000    0.999997
    6.760000    0.000000    0.999996
    6.770000    0.000000    0.999996
    6.780000    0.000000    0.999995
    6.790000    0.000000    0.999995
    6.800000    0.000000    0.999994
    6.810000    0.000000    0.999993
    6.820000    0.000000    0.999993
    6.830000    0.000000    0.999993
    6.840000    0.000000    0.999992
    6.850000    0.000000    0.999992
    6.860000    0.000000    0.999992
    6.870000    0.000000    0.999991
    6.880000    0.000000    0.999991
    6.890000    0.000000    0.999991
    6.900000    0.000000    0.999991
    6.910000    0.000000    0.999991
    6.920000    0.000000    0.999991
    6.930000    0.000000    0.999991
    6.940000    0.000000    0.999991
    6.950000    0.000000    0.999991
    6.960000    0.000000    0.999991
    6.970000    0.000000    0.999991
    6.980000    0.000000    0.999991
    6.990000    0.000000    0.999991
    7.000000    0.000000    0.999991
    7.010000    0.000000    0.999992
    7.020000    0.000000    0.999992
    7.030000    0.000000    0.999992
    7.040000    0.000000    0.999993
    7.050000    0.000000    0.999993
    7.060000    0.000000    0.999993
    7.070000    0.000000    0.999994
    7.080000    0.000000    0.999994
    7.090000    0.000000    0.999994
    7.100000    0.000000    0.999995
    7.110000    0.000000    0.999995
    7.120000    0.000000    0.999995
    7.130000    0.000000    0.999996
    7.140000    0.000000    0.999996
    7.150000    0.000000    0.999997
    7.160000    0.000000    0.999997
    7.170000    0.000000    0.999997
    7.180000    0.000000    0.999998
    7.190000    0.000000    0.999998
    7.200000    0.000000    0.999999
    7.210000    0.000000    0.999999
    7.220000    0.000000    0.999999
    7.230000    0.000000    1.000000
    7.240000    0.000000    1.000000
    7.250000    0.000000    1.000000
    7.260000    0.000000    1.000001
    7.270000    0.000000    1.000001
    7.280000    0.000000    1.000001
    7.290000    0.000000    1.000002
    7.300000    0.000000    1.000002
    7.310000    0.000000    1.000002
    7.320000    0.000000    1.000002
    7.330000    0.000000    1.000003
    7.340000    0.000000    1.000003
    7.350000    0.000000    1.000003
    7.360000    0.000000    1.000003
    7.370000    0.000000    1.000003
    7.380000    0.000000    1.000003
    7.390000    0.000000    1.000004
    7.400000    0.000000    1.000004
    7.410000    0.000000    1.000004
    7.420000    0.000000    1.000004
    7.430000    0.000000    1.000004
    7.440000    0.000000    1.000004
    7.450000    0.000000    1.000004
    7.460000    0.000000    1.000004
    7.470000    0.000000    1.000004
    7.480000    0.000000    1.000004
    7.490000    0.000000    1.000004
    7.500000    0.000000    1.000004
    7.510000    0.000000    1.000004
    7.520000    0.000000    1.000004
    7.530000    0.000000    1.000003
    7.540000    0.000000    1.000003
    7.550000    0.000000    1.000003
    7.560000    0.000000    1.000003
    7.570000    0.000000    1.000003
    7.580000    0.000000    1.000003
    7.590000    0.000000    1.000003
    7.600000    0.000000    1.000003
    7.610000    0.000000    1.000002
    7.620000    0.000000    1.000002
    7.630000    0.000000    1.000002
    7.640000    0.000000    1.000002
    7.650000    0.000000    1.000002
    7.660000    0.000000    1.000002
    7.670000    0.000000    1.000001
    7.680000    0.000000    1.000001
    7.690000    0.000000    1.000001
    7.700000    0.000000    1.000001
    7.710000    0.000000    1.000001
    7.720000    0.000000    1.000001
    7.730000    0.000000    1.000000
    7.740000    0.000000    1.000000
    7.750000    0.000000    1.000000
    7.760000    0.000000    1.000000
    7.770000    0.000000    1.000000
    7.780000    0.000000    1.000000
    7.790000    0.000000    1.000000
    7.800000    0.000000    0.999999
    7.810000    0.000000    0.999999
    7.820000    0.000000    0.999999
    7.830000    0.000000    0.999999
    7.840000    0.000000    0.999999
    7.850000    0.000000    0.999999
    7.860000    0.000000    0.999999
    7.870000    0.000000    0.999999
    7.880000    0.000000    0.999999
    7.890000    0.000000    0.999999
    7.900000    0.000000    0.999999
    7.910000    0.000000    0.999999
    7.920000    0.000000    0.999999
    7.930000    0.000000    0.999999
    7.940000    0.000000    0.999998
    7.950000    0.000000    0.999998
    7.960000    0.000000    0.999998
    7.970000    0.000000    0.999998
    7.980000    0.000000    0.999998
    7.990000    0.000000    0.999998
    8.000000    0.000000    0.999998
    8.010000    0.000000    0.999998
    8.020000    0.000000    0.999998
    8.030000    0.000000    0.999999
    8.040000    0.000000    0.999999
    8.050000    0.000000    0.999999
    8.060000    0.000000    0.999999
    8.070000    0.000000    0.999999
    8.080000    0.000000    0.999999
    8.090000    0.000000    0.999999
    8.100000    0.000000    0.999999
    8.110000    0.000000    0.999999
    8.120000    0.000000    0.999999
    8.130000    0.000000    0.999999
    8.140000    0.000000    0.999999
    8.150000    0.000000    0.999999
    8.160000    0.000000    0.999999
    8.170000    0.000000    0.999999
    8.180000    0.000000    0.999999
    8.190000    0.000000    0.999999
    8.200000    0.000000    0.999999
    8.210000    0.000000    1.000000
    8.220000    0.000000    1.000000
    8.230000    0.000000    1.000000
    8.240000    0.000000    1.000000
    8.250000    0.000000    1.000000
    8.260000    0.000000    1.000000
    8.270000    0.000000    1.000000
    8.280000    0.000000    1.000000
    8.290000    0.000000    1.000000
    8.300000    0.000000    1.000000
    8.310000    0.000000    1.000000
    8.320000    0.000000    1.000000
    8.330000    0.000000    1.000000
    8.340000    0.000000    1.000000
    8.350000    0.000000    1.000000
    8.360000    0.000000    1.000000
    8.370000    0.000000    1.000000
    8.380000    0.000000    1.000000
    8.390000    0.000000    1.000000
    8.400000    0.000000    1.000001
    8.410000    0.000000    1.000001
    8.420000    0.000000    1.000001
    8.430000    0.000000    1.000001
    8.440000    0.000000    1.000001
    8.450000    0.000000    1.000001
    8.460000    0.000000    1.000001
    8.470000    0.000000    1.000001
    8.480000    0.000000    1.000001
    8.490000    0.000000    1.000001
    8.500000    0.000000    1.000001
    8.510000    0.000000    1.000001
    8.520000    0.000000    1.000001
    8.530000    0.000000    1.000001
    8.540000    0.000000    1.000001
    8.550000    0.000000    1.000001
    8.560000    0.000000    1.000001
    8.570000    0.000000    1.000001
    8.580000    0.000000    1.000001
    8.590000    0.000000    1.000001
    8.600000    0.000000    1.000001
    8.610000    0.000000    1.000001
    8.620000    0.000000    1.000000
    8.630000    0.000000    1.000000
    8.640000    0.000000    1.000000
    8.650000    0.000000    1.000000
    8.660000    0.000000    1.000000
    8.670000    0.000000    1.000000
    8.680000    0.000000    1.000000
    8.690000    0.000000    1.000000
    8.700000    0.000000    1.000000
    8.710000    0.000000    1.000000
    8.720000    0.000000    1.000000
    8.730000    0.000000    1.000000
    8.740000    0.000000    1.000000
    8.750000    0.000000    1.000000
    8.760000    0.000000    1.000000
    8.770000    0.000000    1.000000
    8.780000    0.000000    1.000000
    8.790000    0.000000    1.000000
    8.800000    0.000000    1.000000
    8.810000    0.000000    1.000000
    8.820000    0.000000    1.000000
    8.830000    0.000000    1.000000
    8.840000    0.000000    1.000000
    8.850000    0.000000    1.000000
    8.860000    0.000000    1.000000
    8.870000    0.000000    1.000000
    8.880000    0.000000    1.000000
    8.890000    0.000000    1.000000
    8.900000    0.000000    1.000000
    8.910000    0.000000    1.000000
    8.920000    0.000000    1.000000
    8.930000    0.000000    1.000000
    8.940000    0.000000    1.000000
    8.950000    0.000000    1.000000
    8.960000    0.000000    1.000000
    8.970000    0.000000    1.000000
    8.980000    0.000000    1.000000
    8.990000    0.000000    1.000000
    9.000000    0.000000    1.000000
    9.010000    0.000000    1.000000
    9.020000    0.000000    1.000000
    9.030000    0.000000    1.000000
    9.040000    0.000000    1.000000
    9.050000    0.000000    1.000000
    9.060000    0.000000    1.000000
    9.070000    0.000000    1.000000
    9.080000    0.000000    1.000000
    9.090000    0.000000    1.000000
    9.100000    0.000000    1.000000
    9.110000    0.000000    1.000000
    9.120000    0.000000    1.000000
    9.130000    0.000000    1.000000
    9.140000    0.000000    1.000000
    9.150000    0.000000    1.000000
    9.160000    0.000000    1.000000
    9.170000    0.000000    1.000000
    9.180000    0.000000    1.000000
    9.190000    0.000000    1.000000
    9.200000    0.000000    1.000000
    9.210000    0.000000    1.000000
    9.220000    0.000000    1.000000
    9.230000    0.000000    1.000000
    9.240000    0.000000    1.000000
    9.250000    0.000000    1.000000
    9.260000    0.000000    1.000000
    9.270000    0.000000    1.000000
    9.280000    0.000000    1.000000
    9.290000    0.000000    1.000000
    9.300000    0.000000    1.000000
    9.310000    0.000000    1.000000
    9.320000    0.000000    1.000000
    9.330000    0.000000    1.000000
    9.340000    0.000000    1.000000
    9.350000    0.000000    1.000000
    9.360000    0.000000    1.000000
    9.370000    0.000000    1.000000
    9.380000    0.000000    1.000000
    9.390000    0.000000    1.000000
    9.400000    0.000000    1.000000
    9.410000    0.000000    1.000000
    9.420000    0.000000    1.000000
    9.430000    0.000000    1.000000
    9.440000    0.000000    1.000000
    9.450000    0.000000    1.000000
    9.460000    0.000000    1.000000
    9.470000    0.000000    1.000000
    9.480000    0.000000    1.000000
    9.490000    0.000000    1.000000
    9.500000    0.000000    1.000000
    9.510000    0.000000    1.000000
    9.520000    0.000000    1.000000
    9.530000    0.000000    1.000000
    9.540000    0.000000    1.000000
    9.550000    0.000000    1.000000
    9.560000    0.000000    1.000000
    9.570000    0.000000    1.000000
    9.580000    0.000000    1.000000
    9.590000    0.000000    1.000000
    9.600000    0.000000    1.000000
    9.610000    0.000000    1.000000
    9.620000    0.000000    1.000000
    9.630000    0.000000    1.000000
    9.640000    0.000000    1.000000
    9.650000    0.000000    1.000000
    9.660000    0.000000    1.000000
    9.670000    0.000000    1.000000
    9.680000    0.000000    1.000000
    9.690000    0.000000    1.000000
    9.700000    0.000000    1.000000
    9.710000    0.000000    1.000000
    9.720000    0.000000    1.000000
    9.730000    0.000000    1.000000
    9.740000    0.000000    1.000000
    9.750000    0.000000    1.000000
    9.760000    0.000000    1.000000
    9.770000    0.000000    1.000000
    9.780000    0.000000    1.000000
    9.790000    0.000000    1.000000
    9.800000    0.000000    1.000000
    9.810000    0.000000    1.000000
    9.820000    0.000000    1.000000
    9.830000    0.000000    1.000000
    9.840000    0.000000    1.000000
    9.850000    0.000000    1.000000
    9.860000    0.000000    1.000000
    9.870000    0.000000    1.000000
    9.880000    0.000000    1.000000
    9.890000    0.000000    1.000000
    9.900000    0.000000    1.000000
    9.910000    0.000000    1.000000
    9.920000    0.000000    1.000000
    9.930000    0.000000    1.000000
    9.940000    0.000000    1.000000
    9.950000    0.000000    1.000000
    9.960000    0.000000    1.000000
    9.970000    0.000000    1.000000
    9.980000    0.000000    1.000000
    9.990000    0.000000    1.000000
   10.000000    0.000000    1.000000
