#          r        u(r)        g(r)
    0.010000         inf    0.000000
    0.020000         inf    0.000000
    0.030000         inf    0.000000
    0.040000         inf    0.000000
    0.050000         inf    0.000000
    0.060000         inf    0.000000
    0.070000         inf    0.000000
    0.080000         inf    0.000000
    0.090000         inf    0.000000
    0.100000         inf    0.000000
    0.110000         inf    0.000000
    0.120000         inf    0.000000
    0.130000         inf    0.000000
    0.140000         inf    0.000000
    0.150000         inf    0.000000
    0.160000         inf    0.000000
    0.170000         inf    0.000000
    0.180000         inf    0.000000
    0.190000         inf    0.000000
    0.200000         inf    0.000000
    0.210000         inf    0.000000
    0.220000         inf    0.000000
    0.230000         inf    0.000000
    0.240000         inf    0.000000
    0.250000         inf    0.000000
    0.260000         inf    0.000000
    0.270000         inf    0.000000
    0.280000         inf    0.000000
    0.290000         inf    0.000000
    0.300000         inf    0.000000
    0.310000         inf    0.000000
    0.320000         inf    0.000000
    0.330000         inf    0.000000
    0.340000         inf    0.000000
    0.350000         inf    0.000000
    0.360000         inf    0.000000
    0.370000         inf    0.000000
    0.380000         inf    0.000000
    0.390000         inf    0.000000
    0.400000         inf    0.000000
    0.410000         inf    0.000000
    0.420000         inf    0.000000
    0.430000         inf    0.000000
    0.440000         inf    0.000000
    0.450000         inf    0.000000
    0.460000         inf    0.000000
    0.470000         inf    0.000000
    0.480000         inf    0.000000
    0.490000         inf    0.000000
    0.500000         inf    0.000000
    0.510000         inf    0.000000
    0.520000         inf    0.000000
    0.530000         inf    0.000000
    0.540000         inf    0.000000
    0.550000         inf    0.000000
    0.560000         inf    0.000000
    0.570000         inf    0.000000
    0.580000         inf    0.000000
    0.590000         inf    0.000000
    0.600000         inf    0.000000
    0.610000         inf    0.000000
    0.620000         inf    0.000000
    0.630000         inf    0.000000
    0.640000         inf    0.000000
    0.650000         inf    0.000000
    0.660000         inf    0.000000
    0.670000         inf    0.000000
    0.680000         inf    0.000000
    0.690000         inf    0.000000
    0.700000         inf    0.000000
    0.710000         inf    0.000000
    0.720000         inf    0.000000
    0.730000         inf    0.000000
    0.740000         inf    0.000000
    0.750000         inf    0.000000
    0.760000         inf    0.000000
    0.770000         inf    0.000000
    0.780000         inf    0.000000
    0.790000         inf    0.000000
    0.800000         inf    0.000000
    0.810000         inf    0.000000
    0.820000         inf    0.000000
    0.830000         inf    0.000000
    0.840000         inf    0.000000
    0.850000         inf    0.000000
    0.860000         inf    0.000000
    0.870000         inf    0.000000
    0.880000         inf    0.000000
    0.890000         inf    0.000000
    0.900000         inf    0.000000
    0.910000         inf    0.000000
    0.920000         inf    0.000000
    0.930000         inf    0.000000
    0.940000         inf    0.000000
    0.950000         inf    0.000000
    0.960000         inf    0.000000
    0.970000         inf    0.000000
    0.980000         inf    0.000000
    0.990000         inf    0.000000
    1.000000    0.000000    1.600246
    1.010000    0.000000    1.582061
    1.020000    0.000000    1.564297
    1.030000    0.000000    1.546939
    1.040000    0.000000    1.529970
    1.050000    0.000000    1.513375
    1.060000    0.000000    1.497142
    1.070000    0.000000    1.481257
    1.080000    0.000000    1.465711
    1.090000    0.000000    1.450492
    1.100000    0.000000    1.435592
    1.110000    0.000000    1.421001
    1.120000    0.000000    1.406711
    1.130000    0.000000    1.392716
    1.140000    0.000000    1.379007
    1.150000    0.000000    1.365580
    1.160000    0.000000    1.352427
    1.170000    0.000000    1.339544
    1.180000    0.000000    1.326925
    1.190000    0.000000    1.314566
    1.200000    0.000000    1.302462
    1.210000    0.000000    1.290609
    1.220000    0.000000    1.279004
    1.230000    0.000000    1.267643
    1.240000    0.000000    1.256522
    1.250000    0.000000    1.245638
    1.260000    0.000000    1.234988
    1.270000    0.000000    1.224570
    1.280000    0.000000    1.214381
    1.290000    0.000000    1.204417
    1.300000    0.000000    1.194678
    1.310000    0.000000    1.185160
    1.320000    0.000000    1.175861
    1.330000    0.000000    1.166779
    1.340000    0.000000    1.157913
    1.350000    0.000000    1.149259
    1.360000    0.000000    1.140817
    1.370000    0.000000    1.132584
    1.380000    0.000000    1.124559
    1.390000    0.000000    1.116740
    1.400000    0.000000    1.109125
    1.410000    0.000000    1.101712
    1.420000    0.000000    1.094501
    1.430000    0.000000    1.087489
    1.440000    0.000000    1.080676
    1.450000    0.000000    1.074058
    1.460000    0.000000    1.067636
    1.470000    0.000000    1.061408
    1.480000    0.000000    1.055371
    1.490000    0.000000    1.049526
    1.500000    0.000000    1.043870
    1.510000    0.000000    1.038402
    1.520000    0.000000    1.033121
    1.530000    0.000000    1.028025
    1.540000    0.000000    1.023114
    1.550000    0.000000    1.018386
    1.560000    0.000000    1.013839
    1.570000    0.000000    1.009472
    1.580000    0.000000    1.005285
    1.590000    0.000000    1.001276
    1.600000    0.000000    0.997443
    1.610000    0.000000    0.993786
    1.620000    0.000000    0.990304
    1.630000    0.000000    0.986994
    1.640000    0.000000    0.983856
    1.650000    0.000000    0.980890
    1.660000    0.000000    0.978092
    1.670000    0.000000    0.975464
    1.680000    0.000000    0.973002
    1.690000    0.000000    0.970707
    1.700000    0.000000    0.968577
    1.710000    0.000000    0.966612
    1.720000    0.000000    0.964809
    1.730000    0.000000    0.963168
    1.740000    0.000000    0.961687
    1.750000    0.000000    0.960367
    1.760000    0.000000    0.959205
    1.770000    0.000000    0.958201
    1.780000    0.000000    0.957354
    1.790000    0.000000    0.956662
    1.800000    0.000000    0.956125
    1.810000    0.000000    0.955742
    1.820000    0.000000    0.955511
    1.830000    0.000000    0.955432
    1.840000    0.000000    0.955504
    1.850000    0.000000    0.955726
    1.860000    0.000000    0.956096
    1.870000    0.000000    0.956615
    1.880000    0.000000    0.957281
    1.890000    0.000000    0.958093
    1.900000    0.000000    0.959050
    1.910000    0.000000    0.960152
    1.920000    0.000000    0.961397
    1.930000    0.000000    0.962785
    1.940000    0.000000    0.964315
    1.950000    0.000000    0.965987
    1.960000    0.000000    0.967798
    1.970000    0.000000    0.969750
    1.980000    0.000000    0.971840
    1.990000    0.000000    0.974068
    2.000000    0.000000    0.976434
    2.010000    0.000000    0.978806
    2.020000    0.000000    0.981058
    2.030000    0.000000    0.983193
    2.040000    0.000000    0.985215
    2.050000    0.000000    0.987128
    2.060000    0.000000    0.988935
    2.070000    0.000000    0.990640
    2.080000    0.000000    0.992246
    2.090000    0.000000    0.993756
    2.100000    0.000000    0.995174
    2.110000    0.000000    0.996503
    2.120000    0.000000    0.997746
    2.130000    0.000000    0.998906
    2.140000    0.000000    0.999986
    2.150000    0.000000    1.000989
    2.160000    0.000000    1.001917
    2.170000    0.000000    1.002775
    2.180000    0.000000    1.003563
    2.190000    0.000000    1.004286
    2.200000    0.000000    1.004946
    2.210000    0.000000    1.005544
    2.220000    0.000000    1.006085
    2.230000    0.000000    1.006570
    2.240000    0.000000    1.007001
    2.250000    0.000000    1.007381
    2.260000    0.000000    1.007713
    2.270000    0.000000    1.007999
    2.280000    0.000000    1.008240
    2.290000    0.000000    1.008439
    2.300000    0.000000    1.008598
    2.310000    0.000000    1.008719
    2.320000    0.000000    1.008805
    2.330000    0.000000    1.008856
    2.340000    0.000000    1.008876
    2.350000    0.000000    1.008865
    2.360000    0.000000    1.008826
    2.370000    0.000000    1.008760
    2.380000    0.000000    1.008670
    2.390000    0.000000    1.008557
    2.400000    0.000000    1.008422
    2.410000    0.000000    1.008267
    2.420000    0.000000    1.008093
    2.430000    0.000000    1.007903
    2.440000    0.000000    1.007698
    2.450000    0.000000    1.007478
    2.460000    0.000000    1.007246
    2.470000    0.000000    1.007003
    2.480000    0.000000    1.006749
    2.490000    0.000000    1.006487
    2.500000    0.000000    1.006217
    2.510000    0.000000    1.005941
    2.520000    0.000000    1.005660
    2.530000    0.000000    1.005374
    2.540000    0.000000    1.005085
    2.550000    0.000000    1.004794
    2.560000    0.000000    1.004502
    2.570000    0.000000    1.004210
    2.580000    0.000000    1.003918
    2.590000    0.000000    1.003627
    2.600000    0.000000    1.003339
    2.610000    0.000000    1.003053
    2.620000    0.000000    1.002771
    2.630000    0.000000    1.002494
    2.640000    0.000000    1.002221
    2.650000    0.000000    1.001954
    2.660000    0.000000    1.001694
    2.670000    0.000000    1.001439
    2.680000    0.000000    1.001193
    2.690000    0.000000    1.000953
    2.700000    0.000000    1.000722
    2.710000    0.000000    1.000499
    2.720000    0.000000    1.000285
    2.730000    0.000000    1.000080
    2.740000    0.000000    0.999885
    2.750000    0.000000    0.999699
    2.760000    0.000000    0.999523
    2.770000    0.000000    0.999357
    2.780000    0.000000    0.999201
    2.790000    0.000000    0.999055
    2.800000    0.000000    0.998920
    2.810000    0.000000    0.998795
    2.820000    0.000000    0.998680
    2.830000    0.000000    0.998576
    2.840000    0.000000    0.998483
    2.850000    0.000000    0.998399
    2.860000    0.000000    0.998326
    2.870000    0.000000    0.998262
    2.880000    0.000000    0.998209
    2.890000    0.000000    0.998165
    2.900000    0.000000    0.998130
    2.910000    0.000000    0.998105
    2.920000    0.000000    0.998088
    2.930000    0.000000    0.998080
    2.940000    0.000000    0.998080
    2.950000    0.000000    0.998088
    2.960000    0.000000    0.998103
    2.970000    0.000000    0.998125
    2.980000    0.000000    0.998154
    2.990000    0.000000    0.998188
    3.000000    0.000000    0.998228
    3.010000    0.000000    0.998273
    3.020000    0.000000    0.998322
    3.030000    0.000000    0.998375
    3.040000    0.000000    0.998431
    3.050000    0.000000    0.998491
    3.060000    0.000000    0.998552
    3.070000    0.000000    0.998616
    3.080000    0.000000    0.998681
    3.090000    0.000000    0.998747
    3.100000    0.000000    0.998815
    3.110000    0.000000    0.998883
    3.120000    0.000000    0.998951
    3.130000    0.000000    0.999020
    3.140000    0.000000    0.999088
    3.150000    0.000000    0.999155
    3.160000    0.000000    0.999222
    3.170000    0.000000    0.999289
    3.180000    0.000000    0.999354
    3.190000    0.000000    0.999417
    3.200000    0.000000    0.999480
    3.210000    0.000000    0.999540
    3.220000    0.000000    0.999600
    3.230000    0.000000    0.999657
    3.240000    0.000000    0.999712
    3.250000    0.000000    0.999766
    3.260000    0.000000    0.999817
    3.270000    0.000000    0.999866
    3.280000    0.000000    0.999913
    3.290000    0.000000    0.999958
    3.300000    0.000000    1.000001
    3.310000    0.000000    1.000041
    3.320000    0.000000    1.000079
    3.330000    0.000000    1.000115
    3.340000    0.000000    1.000149
    3.350000    0.000000    1.000180
    3.360000    0.000000    1.000209
    3.370000    0.000000    1.000236
    3.380000    0.000000    1.000260
    3.390000    0.000000    1.000283
    3.400000    0.000000    1.000303
    3.410000    0.000000    1.000321
    3.420000    0.000000    1.000337
    3.430000    0.000000    1.000351
    3.440000    0.000000    1.000363
    3.450000    0.000000    1.000373
    3.460000    0.000000    1.000382
    3.470000    0.000000    1.000388
    3.480000    0.000000    1.000393
    3.490000    0.000000    1.000397
    3.500000    0.000000    1.000398
    3.510000    0.000000    1.000399
    3.520000    0.000000    1.000397
    3.530000    0.000000    1.000395
    3.540000    0.000000    1.000391
    3.550000    0.000000    1.000386
    3.560000    0.000000    1.000380
    3.570000    0.000000    1.000373
    3.580000    0.000000    1.000365
    3.590000    0.000000    1.000356
    3.600000    0.000000    1.000347
    3.610000    0.000000    1.000336
    3.620000    0.000000    1.000325
    3.630000    0.000000    1.000313
    3.640000    0.000000    1.000301
    3.650000    0.000000    1.000288
    3.660000    0.000000    1.000275
    3.670000    0.000000    1.000262
    3.680000    0.000000    1.000248
    3.690000    0.000000    1.000234
    3.700000    0.000000    1.000220
    3.710000    0.000000    1.000206
    3.720000    0.000000    1.000192
    3.730000    0.000000    1.000178
    3.740000    0.000000    1.000164
    3.750000    0.000000    1.000150
    3.760000    0.000000    1.000136
    3.770000    0.000000    1.000123
    3.780000    0.000000    1.000109
    3.790000    0.000000    1.000096
    3.800000    0.000000    1.000084
    3.810000    0.000000    1.000071
    3.820000    0.000000    1.000059
    3.830000    0.000000    1.000047
    3.840000    0.000000    1.000036
    3.850000    0.000000    1.000025
    3.860000    0.000000    1.000015
    3.870000    0.000000    1.000005
    3.880000    0.000000    0.999996
    3.890000    0.000000    0.999987
    3.900000    0.000000    0.999978
    3.910000    0.000000    0.999971
    3.920000    0.000000    0.999963
    3.930000    0.000000    0.999956
    3.940000    0.000000    0.999950
    3.950000    0.000000    0.999944
    3.960000    0.000000    0.999939
    3.970000    0.000000    0.999934
    3.980000    0.000000    0.999930
    3.990000    0.000000    0.999926
    4.000000    0.000000    0.999922
    4.010000    0.000000    0.999920
    4.020000    0.000000    0.999917
    4.030000    0.000000    0.999915
    4.040000    0.000000    0.999913
    4.050000    0.000000    0.999912
    4.060000    0.000000    0.999911
    4.070000    0.000000    0.999911
    4.080000    0.000000    0.999911
    4.090000    0.000000    0.999911
    4.100000    0.000000    0.999911
    4.110000    0.000000    0.999912
    4.120000    0.000000    0.999913
    4.130000    0.000000    0.999915
    4.140000    0.000000    0.999916
    4.150000    0.000000    0.999918
    4.160000    0.000000    0.999920
    4.170000    0.000000    0.999922
    4.180000    0.000000    0.999924
    4.190000    0.000000    0.999927
    4.200000    0.000000    0.999930
    4.210000    0.000000    0.999932
    4.220000    0.000000    0.999935
    4.230000    0.000000    0.999938
    4.240000    0.000000    0.999941
    4.250000    0.000000    0.999944
    4.260000    0.000000    0.999947
    4.270000    0.000000    0.999950
    4.280000    0.000000    0.999953
    4.290000    0.000000    0.999957
    4.300000    0.000000    0.999960
    4.310000    0.000000    0.999963
    4.320000    0.000000    0.999966
    4.330000    0.000000    0.999969
    4.340000    0.000000    0.999972
    4.350000    0.000000    0.999975
    4.360000    0.000000    0.999978
    4.370000    0.000000    0.999981
    4.380000    0.000000    0.999984
    4.390000    0.000000    0.999986
    4.400000    0.000000    0.999989
    4.410000    0.000000    0.999991
    4.420000    0.000000    0.999994
    4.430000    0.000000    0.999996
    4.440000    0.000000    0.999998
    4.450000    0.000000    1.000000
    4.460000    0.000000    1.000002
    4.470000    0.000000    1.000004
    4.480000    0.000000    1.000006
    4.490000    0.000000    1.000008
    4.500000    0.000000    1.000009
    4.510000    0.000000    1.000011
    4.520000    0.000000    1.000012
    4.530000    0.000000    1.000013
    4.540000    0.000000    1.000014
    4.550000    0.000000    1.000015
    4.560000    0.000000    1.000016
    4.570000    0.000000    1.000017
    4.580000    0.000000    1.000018
    4.590000    0.000000    1.000018
    4.600000    0.000000    1.000019
    4.610000    0.000000    1.000019
    4.620000    0.000000    1.000020
    4.630000    0.000000    1.000020
    4.640000    0.000000    1.000020
    4.650000    0.000000    1.000020
    4.660000    0.000000    1.000020
    4.670000    0.000000    1.000020
    4.680000    0.000000    1.000020
    4.690000    0.000000    1.000020
    4.700000    0.000000    1.000019
    4.710000    0.000000    1.000019
    4.720000    0.000000    1.000019
    4.730000    0.000000    1.000018
    4.740000    0.000000    1.000018
    4.750000    0.000000    1.000017
    4.760000    0.000000    1.000017
    4.770000    0.000000    1.000016
    4.780000    0.000000    1.000016
    4.790000    0.000000    1.000015
    4.800000    0.000000    1.000014
    4.810000    0.000000    1.000014
    4.820000    0.000000    1.000013
    4.830000    0.000000    1.000012
    4.840000    0.000000    1.000012
    4.850000    0.000000    1.000011
    4.860000    0.000000    1.000010
    4.870000    0.000000    1.000009
    4.880000    0.000000    1.000009
    4.890000    0.000000    1.000008
    4.900000    0.000000    1.000007
    4.910000    0.000000    1.000007
    4.920000    0.000000    1.000006
    4.930000    0.000000    1.000005
    4.940000    0.000000    1.000005
    4.950000    0.000000    1.000004
    4.960000    0.000000    1.000003
    4.970000    0.000000    1.000003
    4.980000    0.000000    1.000002
    4.990000    0.000000    1.000002
    5.000000    0.000000    1.000001
    5.010000    0.000000    1.000001
    5.020000    0.000000    1.000000
    5.030000    0.000000    1.000000
    5.040000    0.000000    0.999999
    5.050000    0.000000    0.999999
    5.060000    0.000000    0.999998
    5.070000    0.000000    0.999998
    5.080000    0.000000    0.999998
    5.090000    0.000000    0.999997
    5.100000    0.000000    0.999997
    5.110000    0.000000    0.999997
    5.120000    0.000000    0.999997
    5.130000    0.000000    0.999996
    5.140000    0.000000    0.999996
    5.150000    0.000000    0.999996
    5.160000    0.000000    0.999996
    5.170000    0.000000    0.999996
    5.180000    0.000000    0.999996
    5.190000    0.000000    0.999996
    5.200000    0.000000    0.999995
    5.210000    0.000000    0.999995
    5.220000    0.000000    0.999995
    5.230000    0.000000    0.999995
    5.240000    0.000000    0.999995
    5.250000    0.000000    0.999995
    5.260000    0.000000    0.999995
    5.270000    0.000000    0.999996
    5.280000    0.000000    0.999996
    5.290000    0.000000    0.999996
    5.300000    0.000000    0.999996
    5.310000    0.000000    0.999996
    5.320000    0.000000    0.999996
    5.330000    0.000000    0.999996
    5.340000    0.000000    0.999996
    5.350000    0.000000    0.999996
    5.360000    0.000000    0.999997
    5.370000    0.000000    0.999997
    5.380000    0.000000    0.999997
    5.390000    0.000000    0.999997
    5.400000    0.000000    0.999997
    5.410000    0.000000    0.999997
    5.420000    0.000000    0.999997
    5.430000    0.000000    0.999998
    5.440000    0.000000    0.999998
    5.450000    0.000000    0.999998
    5.460000    0.000000    0.999998
    5.470000    0.000000    0.999998
    5.480000    0.000000    0.999998
    5.490000    0.000000    0.999999
    5.500000    0.000000    0.999999
    5.510000    0.000000    0.999999
    5.520000    0.000000    0.999999
    5.530000    0.000000    0.999999
    5.540000    0.000000    0.999999
    5.550000    0.000000    0.999999
    5.560000    0.000000    1.000000
    5.570000    0.000000    1.000000
    5.580000    0.000000    1.000000
    5.590000    0.000000    1.000000
    5.600000    0.000000    1.000000
    5.610000    0.000000    1.000000
    5.620000    0.000000    1.000000
    5.630000    0.000000    1.000000
    5.640000    0.000000    1.000000
    5.650000    0.000000    1.000001
    5.660000    0.000000    1.000001
    5.670000    0.000000    1.000001
    5.680000    0.000000    1.000001
    5.690000    0.000000    1.000001
    5.700000    0.000000    1.000001
    5.710000    0.000000    1.000001
    5.720000    0.000000    1.000001
    5.730000    0.000000    1.000001
    5.740000    0.000000    1.000001
    5.750000    0.000000    1.000001
    5.760000    0.000000    1.000001
    5.770000    0.000000    1.000001
    5.780000    0.000000    1.000001
    5.790000    0.000000    1.000001
    5.800000    0.000000    1.000001
    5.810000    0.000000    1.000001
    5.820000    0.000000    1.000001
    5.830000    0.000000    1.000001
    5.840000    0.000000    1.000001
    5.850000    0.000000    1.000001
    5.860000    0.000000    1.000001
    5.870000    0.000000    1.000001
    5.880000    0.000000    1.000001
    5.890000    0.000000    1.000001
    5.900000    0.000000    1.000001
    5.910000    0.000000    1.000001
    5.920000    0.000000    1.000001
    5.930000    0.000000    1.000001
    5.940000    0.000000    1.000001
    5.950000    0.000000    1.000001
    5.960000    0.000000    1.000001
    5.970000    0.000000    1.000001
    5.980000    0.000000    1.000001
    5.990000    0.000000    1.000001
    6.000000    0.000000    1.000001
    6.010000    0.000000    1.000001
    6.020000    0.000000    1.000000
    6.030000    0.000000    1.000000
    6.040000    0.000000    1.000000
    6.050000    0.000000    1.000000
    6.060000    0.000000    1.000000
    6.070000    0.000000    1.000000
    6.080000    0.000000    1.000000
    6.090000    0.000000    1.000000
    6.100000    0.000000    1.000000
    6.110000    0.000000    1.000000
    6.120000    0.000000    1.000000
    6.130000    0.000000    1.000000
    6.140000    0.000000    1.000000
    6.150000    0.000000    1.000000
    6.160000    0.000000    1.000000
    6.170000    0.000000    1.000000
    6.180000    0.000000    1.000000
    6.190000    0.000000    1.000000
    6.200000    0.000000    1.000000
    6.210000    0.000000    1.000000
    6.220000    0.000000    1.000000
    6.230000    0.000000    1.000000
    6.240000    0.000000    1.000000
    6.250000    0.000000    1.000000
    6.260000    0.000000    1.000000
    6.270000    0.000000    1.000000
    6.280000    0.000000    1.000000
    6.290000    0.000000    1.000000
    6.300000    0.000000    1.000000
    6.310000    0.000000    1.000000
    6.320000    0.000000    1.000000
    6.330000    0.000000    1.000000
    6.340000    0.000000    1.000000
    6.350000    0.000000    1.000000
    6.360000    0.000000    1.000000
    6.370000    0.000000    1.000000
    6.380000    0.000000    1.000000
    6.390000    0.000000    1.000000
    6.400000    0.000000    1.000000
    6.410000    0.000000    1.000000
    6.420000    0.000000    1.000000
    6.430000    0.000000    1.000000
    6.440000    0.000000    1.000000
    6.450000    0.000000    1.000000
    6.460000    0.000000    1.000000
    6.470000    0.000000    1.000000
    6.480000    0.000000    1.000000
    6.490000    0.000000    1.000000
    6.500000    0.000000    1.000000
    6.510000    0.000000    1.000000
    6.520000    0.000000    1.000000
    6.530000    0.000000    1.000000
    6.540000    0.000000    1.000000
    6.550000    0.000000    1.000000
    6.560000    0.000000    1.000000
    6.570000    0.000000    1.000000
    6.580000    0.000000    1.000000
    6.590000    0.000000    1.000000
    6.600000    0.000000    1.000000
    6.610000    0.000000    1.000000
    6.620000    0.000000    1.000000
    6.630000    0.000000    1.000000
    6.640000    0.000000    1.000000
    6.650000    0.000000    1.000000
    6.660000    0.000000    1.000000
    6.670000    0.000000    1.000000
    6.680000    0.000000    1.000000
    6.690000    0.000000    1.000000
    6.700000    0.000000    1.000000
    6.710000    0.000000    1.000000
    6.720000    0.000000    1.000000
    6.730000    0.000000    1.000000
    6.740000    0.000000    1.000000
    6.750000    0.000000    1.000000
    6.760000    0.000000    1.000000
    6.770000    0.000000    1.000000
    6.780000    0.000000    1.000000
    6.790000    0.000000    1.000000
    6.800000    0.000000    1.000000
    6.810000    0.000000    1.000000
    6.820000    0.000000    1.000000
    6.830000    0.000000    1.000000
    6.840000    0.000000    1.000000
    6.850000    0.000000    1.000000
    6.860000    0.000000    1.000000
    6.870000    0.000000    1.000000
    6.880000    0.000000    1.000000
    6.890000    0.000000    1.000000
    6.900000    0.000000    1.000000
    6.910000    0.000000    1.000000
    6.920000    0.000000    1.000000
    6.930000    0.000000    1.000000
    6.940000    0.000000    1.000000
    6.950000    0.000000    1.000000
    6.960000    0.000000    1.000000
    6.970000    0.000000    1.000000
    6.980000    0.000000    1.000000
    6.990000    0.000000    1.000000
    7.000000    0.000000    1.000000
    7.010000    0.000000    1.000000
    7.020000    0.000000    1.000000
    7.030000    0.000000    1.000000
    7.040000    0.000000    1.000000
    7.050000    0.000000    1.000000
    7.060000    0.000000    1.000000
    7.070000    0.000000    1.000000
    7.080000    0.000000    1.000000
    7.090000    0.000000    1.000000
    7.100000    0.000000    1.000000
    7.110000    0.000000    1.000000
    7.120000    0.000000    1.000000
    7.130000    0.000000    1.000000
    7.140000    0.000000    1.000000
    7.150000    0.000000    1.000000
    7.160000    0.000000    1.000000
    7.170000    0.000000    1.000000
    7.180000    0.000000    1.000000
    7.190000    0.000000    1.000000
    7.200000    0.000000    1.000000
    7.210000    0.000000    1.000000
    7.220000    0.000000    1.000000
    7.230000    0.000000    1.000000
    7.240000    0.000000    1.000000
    7.250000    0.000000    1.000000
    7.260000    0.000000    1.000000
    7.270000    0.000000    1.000000
    7.280000    0.000000    1.000000
    7.290000    0.000000    1.000000
    7.300000    0.000000    1.000000
    7.310000    0.000000    1.000000
    7.320000    0.000000    1.000000
    7.330000    0.000000    1.000000
    7.340000    0.000000    1.000000
    7.350000    0.000000    1.000000
    7.360000    0.000000    1.000000
    7.370000    0.000000    1.000000
    7.380000    0.000000    1.000000
    7.390000    0.000000    1.000000
    7.400000    0.000000    1.000000
    7.410000    0.000000    1.000000
    7.420000    0.000000    1.000000
    7.430000    0.000000    1.000000
    7.440000    0.000000    1.000000
    7.450000    0.000000    1.000000
    7.460000    0.000000    1.000000
    7.470000    0.000000    1.000000
    7.480000    0.000000    1.000000
    7.490000    0.000000    1.000000
    7.500000    0.000000    1.000000
    7.510000    0.000000    1.000000
    7.520000    0.000000    1.000000
    7.530000    0.000000    1.000000
    7.540000    0.000000    1.000000
    7.550000    0.000000    1.000000
    7.560000    0.000000    1.000000
    7.570000    0.000000    1.000000
    7.580000    0.000000    1.000000
    7.590000    0.000000    1.000000
    7.600000    0.000000    1.000000
    7.610000    0.000000    1.000000
    7.620000    0.000000    1.000000
    7.630000    0.000000    1.000000
    7.640000    0.000000    1.000000
    7.650000    0.000000    1.000000
    7.660000    0.000000    1.000000
    7.670000    0.000000    1.000000
    7.680000    0.000000    1.000000
    7.690000    0.000000    1.000000
    7.700000    0.000000    1.000000
    7.710000    0.000000    1.000000
    7.720000    0.000000    1.000000
    7.730000    0.000000    1.000000
    7.740000    0.000000    1.000000
    7.750000    0.000000    1.000000
    7.760000    0.000000    1.000000
    7.770000    0.000000    1.000000
    7.780000    0.000000    1.000000
    7.790000    0.000000    1.000000
    7.800000    0.000000    1.000000
    7.810000    0.000000    1.000000
    7.820000    0.000000    1.000000
    7.830000    0.000000    1.000000
    7.840000    0.000000    1.000000
    7.850000    0.000000    1.000000
    7.860000    0.000000    1.000000
    7.870000    0.000000    1.000000
    7.880000    0.000000    1.000000
    7.890000    0.000000    1.000000
    7.900000    0.000000    1.000000
    7.910000    0.000000    1.000000
    7.920000    0.000000    1.000000
    7.930000    0.000000    1.000000
    7.940000    0.000000    1.000000
    7.950000    0.000000    1.000000
    7.960000    0.000000    1.000000
    7.970000    0.000000    1.000000
    7.980000    0.000000    1.000000
    7.990000    0.000000    1.000000
    8.000000    0.000000    1.000000
    8.010000    0.000000    1.000000
    8.020000    0.000000    1.000000
    8.030000    0.000000    1.000000
    8.040000    0.000000    1.000000
    8.050000    0.000000    1.000000
    8.060000    0.000000    1.000000
    8.070000    0.000000    1.000000
    8.080000    0.000000    1.000000
    8.090000    0.000000    1.000000
    8.100000    0.000000    1.000000
    8.110000    0.000000    1.000000
    8.120000    0.000000    1.000000
    8.130000    0.000000    1.000000
    8.140000    0.000000    1.000000
    8.150000    0.000000    1.000000
    8.160000    0.000000    1.000000
    8.170000    0.000000    1.000000
    8.180000    0.000000    1.000000
    8.190000    0.000000    1.000000
    8.200000    0.000000    1.000000
    8.210000    0.000000    1.000000
    8.220000    0.000000    1.000000
    8.230000    0.000000    1.000000
    8.240000    0.000000    1.000000
    8.250000    0.000000    1.000000
    8.260000    0.000000    1.000000
    8.270000    0.000000    1.000000
    8.280000    0.000000    1.000000
    8.290000    0.000000    1.000000
    8.300000    0.000000    1.000000
    8.310000    0.000000    1.000000
    8.320000    0.000000    1.000000
    8.330000    0.000000    1.000000
    8.340000    0.000000    1.000000
    8.350000    0.000000    1.000000
    8.360000    0.000000    1.000000
    8.370000    0.000000    1.000000
    8.380000    0.000000    1.000000
    8.390000    0.000000    1.000000
    8.400000    0.000000    1.000000
    8.410000    0.000000    1.000000
    8.420000    0.000000    1.000000
    8.430000    0.000000    1.000000
    8.440000    0.000000    1.000000
    8.450000    0.000000    1.000000
    8.460000    0.000000    1.000000
    8.470000    0.000000    1.000000
    8.480000    0.000000    1.000000
    8.490000    0.000000    1.000000
    8.500000    0.000000    1.000000
    8.510000    0.000000    1.000000
    8.520000    0.000000    1.000000
    8.530000    0.000000    1.000000
    8.540000    0.000000    1.000000
    8.550000    0.000000    1.000000
    8.560000    0.000000    1.000000
    8.570000    0.000000    1.000000
    8.580000    0.000000    1.000000
    8.590000    0.000000    1.000000
    8.600000    0.000000    1.000000
    8.610000    0.000000    1.000000
    8.620000    0.000000    1.000000
    8.630000    0.000000    1.000000
    8.640000    0.000000    1.000000
    8.650000    0.000000    1.000000
    8.660000    0.000000    1.000000
    8.670000    0.000000    1.000000
    8.680000    0.000000    1.000000
    8.690000    0.000000    1.000000
    8.700000    0.000000    1.000000
    8.710000    0.000000    1.000000
    8.720000    0.000000    1.000000
    8.730000    0.000000    1.000000
    8.740000    0.000000    1.000000
    8.750000    0.000000    1.000000
    8.760000    0.000000    1.000000
    8.770000    0.000000    1.000000
    8.780000    0.000000    1.000000
    8.790000    0.000000    1.000000
    8.800000    0.000000    1.000000
    8.810000    0.000000    1.000000
    8.820000    0.000000    1.000000
    8.830000    0.000000    1.000000
    8.840000    0.000000    1.000000
    8.850000    0.000000    1.000000
    8.860000    0.000000    1.000000
    8.870000    0.000000    1.000000
    8.880000    0.000000    1.000000
    8.890000    0.000000    1.000000
    8.900000    0.000000    1.000000
    8.910000    0.000000    1.000000
    8.920000    0.000000    1.000000
    8.930000    0.000000    1.000000
    8.940000    0.000000    1.000000
    8.950000    0.000000    1.000000
    8.960000    0.000000    1.000000
    8.970000    0.000000    1.000000
    8.980000    0.000000    1.000000
    8.990000    0.000000    1.000000
    9.000000    0.000000    1.000000
    9.010000    0.000000    1.000000
    9.020000    0.000000    1.000000
    9.030000    0.000000    1.000000
    9.040000    0.000000    1.000000
    9.050000    0.000000    1.000000
    9.060000    0.000000    1.000000
    9.070000    0.000000    1.000000
    9.080000    0.000000    1.000000
    9.090000    0.000000    1.000000
    9.100000    0.000000    1.000000
    9.110000    0.000000    1.000000
    9.120000    0.000000    1.000000
    9.130000    0.000000    1.000000
    9.140000    0.000000    1.000000
    9.150000    0.000000    1.000000
    9.160000    0.000000    1.000000
    9.170000    0.000000    1.000000
    9.180000    0.000000    1.000000
    9.190000    0.000000    1.000000
    9.200000    0.000000    1.000000
    9.210000    0.000000    1.000000
    9.220000    0.000000    1.000000
    9.230000    0.000000    1.000000
    9.240000    0.000000    1.000000
    9.250000    0.000000    1.000000
    9.260000    0.000000    1.000000
    9.270000    0.000000    1.000000
    9.280000    0.000000    1.000000
    9.290000    0.000000    1.000000
    9.300000    0.000000    1.000000
    9.310000    0.000000    1.000000
    9.320000    0.000000    1.000000
    9.330000    0.000000    1.000000
    9.340000    0.000000    1.000000
    9.350000    0.000000    1.000000
    9.360000    0.000000    1.000000
    9.370000    0.000000    1.000000
    9.380000    0.000000    1.000000
    9.390000    0.000000    1.000000
    9.400000    0.000000    1.000000
    9.410000    0.000000    1.000000
    9.420000    0.000000    1.000000
    9.430000    0.000000    1.000000
    9.440000    0.000000    1.000000
    9.450000    0.000000    1.000000
    9.460000    0.000000    1.000000
    9.470000    0.000000    1.000000
    9.480000    0.000000    1.000000
    9.490000    0.000000    1.000000
    9.500000    0.000000    1.000000
    9.510000    0.000000    1.000000
    9.520000    0.000000    1.000000
    9.530000    0.000000    1.000000
    9.540000    0.000000    1.000000
    9.550000    0.000000    1.000000
    9.560000    0.000000    1.000000
    9.570000    0.000000    1.000000
    9.580000    0.000000    1.000000
    9.590000    0.000000    1.000000
    9.600000    0.000000    1.000000
    9.610000    0.000000    1.000000
    9.620000    0.000000    1.000000
    9.630000    0.000000    1.000000
    9.640000    0.000000    1.000000
    9.650000    0.000000    1.000000
    9.660000    0.000000    1.000000
    9.670000    0.000000    1.000000
    9.680000    0.000000    1.000000
    9.690000    0.000000    1.000000
    9.700000    0.000000    1.000000
    9.710000    0.000000    1.000000
    9.720000    0.000000    1.000000
    9.730000    0.000000    1.000000
    9.740000    0.000000    1.000000
    9.750000    0.000000    1.000000
    9.760000    0.000000    1.000000
    9.770000    0.000000    1.000000
    9.780000    0.000000    1.000000
    9.790000    0.000000    1.000000
    9.800000    0.000000    1.000000
    9.810000    0.000000    1.000000
    9.820000    0.000000    1.000000
    9.830000    0.000000    1.000000
    9.840000    0.000000    1.000000
    9.850000    0.000000    1.000000
    9.860000    0.000000    1.000000
    9.870000    0.000000    1.000000
    9.880000    0.000000    1.000000
    9.890000    0.000000    1.000000
    9.900000    0.000000    1.000000
    9.910000    0.000000    1.000000
    9.920000    0.000000    1.000000
    9.930000    0.000000    1.000000
    9.940000    0.000000    1.000000
    9.950000    0.000000    1.000000
    9.960000    0.000000    1.000000
    9.970000    0.000000    1.000000
    9.980000    0.000000    1.000000
    9.990000    0.000000    1.000000
   10.000000    0.000000    1.000000
